#This is from Haehnelt 1998.
#Velocity width is third column, virial velocity 11th.
#Or in zero-based units: v90 = [:,2] vvir = [:,10]
#The other columns look like some sort of coordinate system.
 1  3   88.88    .33    .60    .75   -.32    .28    .32  24.25  98.01
 1  6   59.93    .26    .33    .40    .82    .64    .29  24.25  98.01
 1  8   35.14    .32    .18    .45    .41    .42    .17  24.25  98.01
 1  9   37.20    .15    .22    .41    .59    .43    .25  24.25  98.01
 1 10   28.93    .34    .05    .05   -.05    .98    .36  24.25  98.01
 1 11   22.06    .28    .06    .13   -.13    .90    .11  24.25  98.01
 1 12  161.88    .28    .12    .12    .46    .88    .45  24.25  98.01
 1 13   25.49    .30    .08    .08   -.08    .86    .13  24.25  98.01
 1 14   24.10    .34    .03    .03   -.03    .90    .17  24.25  98.01
 1 15   89.57    .16    .69    .74   -.74    .31    .16  24.25  98.01
 1 16   46.83    .36    .44    .50   -.50    .29    .18  24.25  98.01
 1 17   53.05    .10    .38    .69    .19    .28    .19  24.25  98.01
 1 18   28.23    .27    .17    .22    .22    .66    .21  24.25  98.01
 1 19   84.75    .35    .48    .50   -.58    .54    .22  24.25  98.01
 1 20   45.46    .29    .36    .70   -.70    .33    .34  24.25  98.01
 1 21   33.75    .37    .18    .35    .35    .57    .16  24.25  98.01
 1 23   81.97    .36    .50    .75   -.09    .91    .13  24.25  98.01
 1 24  110.22    .28    .43    .19    .88    .82    .36  24.25  98.01
 1 25   27.56    .37    .05    .05   -.05    .71    .12  24.25  98.01
 1 26   42.03    .19    .21    .38    .77    .34    .19  24.25  98.01
 1 27  139.16    .31    .69    .89    .59    .41    .42  24.25  98.01
 1 28   83.36    .36    .67    .69    .69    .18    .31  24.25  98.01
 1 29   53.74    .35    .44    .54    .54    .53    .11  24.25  98.01
 2  1   73.71    .17    .48    .70    .46    .66    .18   7.96  94.15
 2  3   33.75    .18    .14    .39    .51    .46    .15   7.96  94.15
 2  4   21.34    .04    .03    .03   -.03    .81    .20   7.96  94.15
 2  6   31.68    .17    .17    .22   -.22    .67    .12   7.96  94.15
 2  7  108.85    .12    .65    .76    .90    .31    .30   7.96  94.15
 2  8   50.29    .15    .51    .59    .84    .43    .17   7.96  94.15
 2  9   19.30    .08    .00    .00    .00    .86    .23   7.96  94.15
 2 10   30.99    .15    .11    .29   -.29    .54    .18   7.96  94.15
 2 15   41.35    .18    .03    .53   -.53    .29    .26   7.96  94.15
 2 16   44.79    .18    .51    .54   -.54    .39    .19   7.96  94.15
 2 18   19.99    .13    .03    .03   -.03    .93    .19   7.96  94.15
 2 19  102.66    .15    .22    .09    .64    .84    .25   7.96  94.15
 2 20   19.30    .12    .00    .00    .00    .95    .19   7.96  94.15
 2 21   29.62    .11    .30    .35   -.35    .69    .26   7.96  94.15
 2 22   38.57    .13    .29    .54    .68    .60    .34   7.96  94.15
 2 23   69.58    .10    .68    .74   -.74    .25    .30   7.96  94.15
 2 24   55.11    .09    .43    .45   -.45    .64    .10   7.96  94.15
 2 25   23.43    .17    .12    .18   -.18    .72    .17   7.96  94.15
 2 26   53.74    .14    .36    .36   -.36    .64    .36   7.96  94.15
 2 27   44.79    .09    .51    .60   -.60    .33    .16   7.96  94.15
 2 28   84.75    .18    .64    .80    .25    .24    .15   7.96  94.15
 2 29   18.60    .15    .04    .04   -.04    .96    .20   7.96  94.15
 2 34   79.93    .18    .47    .85    .34    .16    .35   7.96  94.15
 2 36   45.46    .12    .58    .61    .61    .34    .17   7.96  94.15
 2 37   25.49    .16    .08    .08    .08    .83    .18   7.96  94.15
 2 39  115.74    .15    .51    .50   -.88    .53    .18   7.96  94.15
 2 40   33.77    .18    .18    .27    .27    .40    .14   7.96  94.15
 2 42   74.41    .18    .35    .39   -.81    .63    .37   7.96  94.15
 2 44   68.19    .18    .56    .76   -.86    .21    .26   7.96  94.15
 2 45   23.43    .08    .06    .06    .06    .71    .14   7.96  94.15
 2 46   24.80    .16    .17    .17    .17    .81    .21   7.96  94.15
 2 47   38.57    .18    .32    .50   -.68    .58    .20   7.96  94.15
 2 49   53.05    .17    .14    .12   -.69    .94    .27   7.96  94.15
 2 50   47.55    .05    .48    .62   -.71    .43    .19   7.96  94.15
 2 51   33.07    .06    .17    .50   -.63    .49    .25   7.96  94.15
 2 54   82.67    .07    .60    .62    .62    .44    .21   7.96  94.15
 2 55   26.86    .13    .08    .18    .18    .49    .11   7.96  94.15
 3  1   24.80    .80    .17    .17   -.17    .70    .11  44.64  82.78
 3  2   19.30    .32    .00    .07   -.07    .92    .25  44.64  82.78
 3  3   44.09    .72    .31    .34   -.34    .97    .13  44.64  82.78
 3  4   28.25    .47    .02    .02   -.02    .57    .23  44.64  82.78
 3  6  172.22    .75    .65    .92    .92    .06    .20  44.64  82.78
 3  7   36.51    .81    .25    .47    .70    .59    .26  44.64  82.78
 3  9   17.91    .58    .00    .00    .00    .98    .33  44.64  82.78
 3 10   39.96    .74    .28    .45    .69    .38    .13  44.64  82.78
 3 11   26.88    .72    .03    .08   -.08    .51    .19  44.64  82.78
 3 12   39.27    .80    .23    .23   -.23    .99    .12  44.64  82.78
 3 13   19.97    .75    .03    .03   -.03    .97    .20  44.64  82.78
 3 14   30.31    .60    .05    .36   -.36    .63    .38  44.64  82.78
 3 15   24.81    .35    .00    .00    .00    .62    .11  44.64  82.78
 3 17   46.16    .80    .22    .37    .76    .60    .34  44.64  82.78
 3 18   19.97    .63    .03    .03   -.03    .88    .15  44.64  82.78
 3 19   30.99    .59    .02    .47    .42    .46    .25  44.64  82.78
 3 21   24.80    .39    .06    .00    .00    .59    .19  44.64  82.78
 3 22   40.66    .81    .39    .59    .73    .37    .18  44.64  82.78
 3 25   55.11    .76    .57    .62   -.62    .28    .12  44.64  82.78
 3 26   31.68    .75    .39    .48   -.48    .46    .18  44.64  82.78
 3 27   57.17    .80    .18    .01    .73   1.00    .26  44.64  82.78
 3 32   64.06    .66    .61    .70   -.70    .28    .20  44.64  82.78
 3 33   34.44    .79    .28    .56    .56    .43    .24  44.64  82.78
 3 34   19.30    .75    .00    .00    .00    .96    .28  44.64  82.78
 3 36   65.43    .67    .56    .75    .85    .25    .37  44.64  82.78
 3 40   19.99    .79    .03    .03   -.03    .78    .15  44.64  82.78
 3 41   19.99    .80    .03    .03   -.03    .95    .21  44.64  82.78
 3 42   33.07    .42    .17    .54    .50    .44    .30  44.64  82.78
 3 43   24.10    .36    .03    .03   -.03    .79    .12  44.64  82.78
 3 44   36.51    .79    .17    .32    .06    .70    .10  44.64  82.78
 3 45   20.67    .14    .00    .07    .07    .86    .16  44.64  82.78
 3 48   56.48    .58    .22    .76   -.73    .22    .40  44.64  82.78
 4  2   39.96    .47    .10    .59   -.38    .44    .28  28.31  75.66
 4  8   28.94    .69    .00    .00    .00    .82    .14  28.31  75.66
 4  9   64.06    .69    .33    .72   -.38    .16    .21  28.31  75.66
 4 10   24.12    .56    .08    .14    .14    .89    .10  28.31  75.66
 4 12   92.31    .66    .57    .55    .55    .57    .10  28.31  75.66
 4 20   68.91    .57    .62    .68   -.68    .36    .16  28.31  75.66
 4 26   37.88    .69    .02    .49    .56    .29    .12  28.31  75.66
 4 28   52.35    .38    .58    .61   -.61    .48    .10  28.31  75.66
 4 29   52.35    .69    .21    .45    .71    .61    .28  28.31  75.66
 4 34   46.85    .59    .03    .21    .68    .70    .14  28.31  75.66
 4 38   45.48    .43    .36    .70    .33    .32    .24  28.31  75.66
 4 39   23.43    .51    .06    .06   -.06    .78    .12  28.31  75.66
 4 40   46.85    .38    .41    .50   -.50    .63    .24  28.31  75.66
 4 41   23.43    .22    .18    .24   -.24    .79    .27  28.31  75.66
 4 44   45.46    .70    .03    .12   -.12    .94    .23  28.31  75.66
 4 45   59.93    .64    .01    .01    .79    .97    .16  28.31  75.66
 4 46   42.72    .64    .29    .42   -.42    .85    .13  28.31  75.66
 4 47   26.18    .60    .11    .16   -.16    .68    .17  28.31  75.66
 4 49   35.14    .35    .22    .49    .65    .62    .21  28.31  75.66
 4 51   27.56    .63    .15    .15   -.15    .85    .11  28.31  75.66
 4 52   57.87    .69    .31    .67    .17    .19    .15  28.31  75.66
 4 53   48.92    .63    .18    .58   -.78    .40    .28  28.31  75.66
 4 55   56.48    .68    .44    .66   -.63    .27    .21  28.31  75.66
 4 56   39.94    .50    .03    .10    .10    .91    .22  28.31  75.66
 4 57   26.17    .29    .10    .21    .21    .84    .11  28.31  75.66
 4 58   19.97    .51    .04    .04    .04    .82    .16  28.31  75.66
 4 59   30.31    .64    .09    .18    .18    .59    .10  28.31  75.66
 4 61   64.08    .70    .38    .76   -.81    .31    .15  28.31  75.66
 4 63   28.23    .36    .02    .02    .02    .89    .18  28.31  75.66
 4 65   51.66    .70    .01    .73   -.28    .26    .34  28.31  75.66
 4 66   37.88    .43    .38    .49    .49    .66    .11  28.31  75.66
 4 67   56.50    .48    .44    .54   -.83    .67    .18  28.31  75.66
 5  1   38.59    .28    .14    .39   -.68    .30    .19  14.26  64.72
 5  2   57.17    .26    .49    .71   -.76    .31    .25  14.26  64.72
 5  5   59.24    .29    .23    .28   -.84    .73    .25  14.26  64.72
 5  6   22.75    .17    .15    .15    .15    .81    .38  14.26  64.72
 5  7   49.59    .18    .17    .72   -.69    .26    .40  14.26  64.72
 5  8   41.33    .26    .13    .20    .20    .26    .11  14.26  64.72
 5  9   21.36    .07    .10    .10    .10    .86    .29  14.26  64.72
 5 10   39.27    .26    .33    .51   -.68    .61    .15  14.26  64.72
 5 11   46.18    .28    .43    .67   -.73    .34    .21  14.26  64.72
 5 12   33.07    .25    .25    .46   -.62    .60    .24  14.26  64.72
 5 13   50.31    .27    .42    .62   -.81    .25    .21  14.26  64.72
 5 14   22.75    .20    .15    .15    .15    .66    .15  14.26  64.72
 5 15   86.79    .24    .60    .71   -.86    .16    .23  14.26  64.72
 5 17   32.38    .16    .28    .49    .49    .51    .23  14.26  64.72
 5 18   29.62    .28    .21    .44    .44    .47    .28  14.26  64.72
 5 19   44.79    .29    .23    .54   -.78    .33    .24  14.26  64.72
 5 20   19.97    .04    .04    .04    .04    .78    .14  14.26  64.72
 5 21  108.16    .29    .66    .78   -.36    .32    .24  14.26  64.72
 5 24   22.06    .10    .06    .06    .06    .67    .15  14.26  64.72
 5 25   44.09    .23    .34    .66   -.47    .28    .14  14.26  64.72
 5 26   42.03    .16    .38    .57    .57    .39    .22  14.26  64.72
 5 27   41.33    .27    .20    .50   -.63    .35    .13  14.26  64.72
 5 28   44.79    .26    .32    .51   -.72    .27    .22  14.26  64.72
 5 29   33.77    .27    .14    .43    .43    .34    .17  14.26  64.72
 5 31   40.66    .28    .25    .66   -.53    .33    .26  14.26  64.72
 5 32   39.27    .15    .37    .44    .44    .47    .11  14.26  64.72
 5 33   19.28    .06    .07    .07    .07    .81    .25  14.26  64.72
 5 34   28.94    .03    .05    .05    .05    .79    .12  14.26  64.72
 5 36   18.60    .18    .04    .04    .04    .92    .31  14.26  64.72
 5 37   41.33    .23    .47    .57    .57    .31    .11  14.26  64.72
 5 38  102.64    .20    .72    .77    .77    .32    .17  14.26  64.72
 5 39   66.13    .23    .67    .71    .71    .36    .10  14.26  64.72
 5 40   31.68    .29    .13    .30    .30    .91    .30  14.26  64.72
 5 41   21.34    .22    .03    .03    .03    .91    .13  14.26  64.72
 5 42   19.99    .28    .03    .03    .03    .97    .21  14.26  64.72
 5 45   66.15    .29    .00    .08   -.83    .85    .10  14.26  64.72
 5 46   26.86    .22    .23    .33    .33    .78    .19  14.26  64.72
 5 47   84.73    .26    .54    .61    .61    .32    .28  14.26  64.72
 1  2   69.46    .35    .56    .76    .78    .24    .27   6.07 103.19
 1  3   25.71    .32    .08    .08   -.08    .62    .12   6.07 103.19
 1  4   33.35    .06    .13    .42   -.42    .61    .28   6.07 103.19
 1  5   22.24    .20    .06    .13   -.13    .88    .13   6.07 103.19
 1  6   20.15    .36    .10    .10   -.10    .90    .26   6.07 103.19
 1  7   20.84    .23    .07    .07   -.07    .84    .19   6.07 103.19
 1  8   29.17    .31    .33    .38   -.38    .75    .18   6.07 103.19
 1  9   47.93    .35    .48    .65    .74    .37    .25   6.07 103.19
 1 10   34.73    .32    .16    .44    .60    .55    .34   6.07 103.19
 1 12  119.51    .37    .63    .87    .53    .12    .23   6.07 103.19
 1 14   57.66    .31    .40    .74   -.74    .27    .25   6.07 103.19
 1 16   31.26    .37    .07    .42    .42    .48    .26   6.07 103.19
 1 17   44.46    .27    .38    .50   -.75    .29    .11   6.07 103.19
 1 18   42.37    .29    .08    .38   -.64    .34    .24   6.07 103.19
 1 19   37.51    .14    .11    .15    .15    .99    .24   6.07 103.19
 1 20   91.70    .37    .77    .80    .80    .21    .31   6.07 103.19
 1 21   80.59    .30    .64    .72    .72    .25    .34   6.07 103.19
 1 23   33.35    .24    .00    .33    .33    .69    .29   6.07 103.19
 1 24   33.35    .32    .38    .50    .50    .53    .22   6.07 103.19
 1 25   41.68    .34    .03    .53   -.63    .35    .29   6.07 103.19
 1 26   66.70    .35    .67    .75    .75    .24    .19   6.07 103.19
 1 27  137.54    .31    .71    .72    .72    .29    .27   6.07 103.19
 1 29   27.78    .23    .05    .05    .05    .59    .16   6.07 103.19
 1 30   19.44    .31    .00    .07    .07    .93    .16   6.07 103.19
 1 32   42.39    .33    .25    .57   -.57    .52    .12   6.07 103.19
 1 36   27.78    .24    .00    .05    .05    .85    .22   6.07 103.19
 1 37   29.19    .09    .24    .33    .33    .66    .21   6.07 103.19
 1 38   32.66    .28    .06    .49   -.53    .47    .28   6.07 103.19
 1 39   60.44    .36    .54    .75   -.72    .27    .31   6.07 103.19
 1 40   49.31    .08    .10    .30   -.75    .70    .26   6.07 103.19
 2  1   86.85    .26    .50    .84   -.36    .16    .26  18.87  97.51
 2  2   99.36    .26    .40    .86    .48    .14    .40  18.87  97.51
 2  3  113.25    .18    .63    .66    .53    .38    .20  18.87  97.51
 2  4   40.30    .27    .00    .31    .59    .67    .36  18.87  97.51
 2  5  134.78    .17    .67    .68    .94    .33    .26  18.87  97.51
 2  7  118.80    .24    .73    .80    .87    .12    .35  18.87  97.51
 2  9  161.87    .19    .46    .49    .93    .55    .12  18.87  97.51
 2 10   19.46    .18    .00    .00    .00    .81    .18  18.87  97.51
 2 12   82.66    .25    .61    .82    .83    .19    .28  18.87  97.51
 2 15   91.70    .25    .55    .76    .76    .34    .16  18.87  97.51
 2 18   78.50    .26    .66    .70   -.70    .38    .19  18.87  97.51
 2 19  179.24    .27    .47    .45    .93    .07    .28  18.87  97.51
 2 20   86.16    .23    .45    .84    .58    .42    .29  18.87  97.51
 2 21  117.41    .09    .76    .80   -.80    .13    .24  18.87  97.51
 2 22   18.06    .14    .00    .00    .00    .85    .12  18.87  97.51
 2 23   49.33    .24    .49    .52   -.52    .64    .12  18.87  97.51
 2 24   78.50    .18    .73    .79   -.79    .22    .44  18.87  97.51
 2 25   59.75    .27    .61    .67   -.67    .45    .10  18.87  97.51
 2 26   65.99    .24    .62    .77    .71    .24    .21  18.87  97.51
 2 32   50.71    .26    .07    .75   -.15    .25    .39  18.87  97.51
 2 33   60.44    .20    .26    .22   -.75    .21    .24  18.87  97.51
 2 34   75.03    .25    .11    .13   -.87    .87    .17  18.87  97.51
 2 36   61.83    .22    .60    .66    .66    .25    .12  18.87  97.51
 2 37   82.66    .13    .56    .82   -.78    .19    .26  18.87  97.51
 2 39   84.06    .20    .65    .67    .67    .17    .13  18.87  97.51
 2 40  100.74    .23    .77    .79    .79    .24    .23  18.87  97.51
 2 41   22.93    .27    .03    .03    .03    .85    .25  18.87  97.51
 2 43   31.26    .26    .20    .29    .29    .76    .28  18.87  97.51
 3  1   43.08    .59    .45    .58   -.58    .42    .29  33.84  75.16
 3  2   24.31    .47    .09    .14    .14    .69    .12  33.84  75.16
 3  3   22.93    .45    .03    .03    .03    .79    .15  33.84  75.16
 3  4   18.06    .34    .00    .00    .00    .96    .22  33.84  75.16
 3  5   31.95    .62    .13    .17    .17    .65    .28  33.84  75.16
 3  7   22.24    .56    .06    .06    .06    .92    .37  33.84  75.16
 3  8   36.82    .52    .25    .51   -.58    .49    .24  33.84  75.16
 3  9   20.15    .53    .03    .03    .03    .87    .20  33.84  75.16
 3 10   32.66    .52    .32    .36    .36    .73    .14  33.84  75.16
 3 11   35.44    .39    .41    .49    .49    .47    .31  33.84  75.16
 3 12   35.42    .30    .41    .53    .53    .51    .19  33.84  75.16
 3 13   33.35    .63    .08    .54   -.46    .42    .29  33.84  75.16
 3 14   25.02    .55    .06    .11    .11    .54    .10  33.84  75.16
 3 17   33.35    .63    .29    .42    .42    .54    .32  33.84  75.16
 3 18   20.84    .54    .00    .00    .00    .92    .22  33.84  75.16
 3 19   76.43    .56    .02    .78   -.82    .21    .40  33.84  75.16
 3 20   40.30    .59    .31    .45   -.69    .52    .22  33.84  75.16
 3 21   32.66    .59    .23    .36    .36    .70    .16  33.84  75.16
 3 22   21.53    .37    .03    .03    .03    .99    .21  33.84  75.16
 3 23   82.66    .60    .75    .80    .80    .21    .22  33.84  75.16
 3 24   20.15    .48    .03    .10    .10    .88    .25  33.84  75.16
 3 25   88.94    .58    .73    .78    .78    .24    .22  33.84  75.16
 3 26   19.46    .57    .00    .00    .00    .89    .22  33.84  75.16
 3 27   20.15    .51    .03    .03    .03    .92    .13  33.84  75.16
 3 28   31.26    .60    .20    .42    .42    .56    .35  33.84  75.16
 3 29   18.75    .27    .04    .04    .04    .75    .14  33.84  75.16
 3 30   25.00    .59    .11    .17    .17    .69    .26  33.84  75.16
 3 31   40.30    .38    .52    .55    .55    .47    .25  33.84  75.16
 3 32   29.86    .53    .21    .40    .40    .59    .23  33.84  75.16
 3 33   38.89    .62    .18    .57   -.64    .41    .28  33.84  75.16
 3 34   22.24    .42    .06    .13    .13    .84    .20  33.84  75.16
 3 35   20.15    .42    .03    .03    .03    .69    .10  33.84  75.16
 3 36   92.39    .61    .07    .55   -.35    .63    .31  33.84  75.16
 3 37   36.13    .37    .23    .39    .39    .63    .25  33.84  75.16
 3 38   34.73    .23    .40    .48    .48    .54    .25  33.84  75.16
 3 39   38.89    .63    .14    .43    .43    .35    .27  33.84  75.16
 4  1   25.02    .08    .11    .17    .17    .79    .19   4.50  72.46
 4  2   20.86    .12    .07    .07    .07    .86    .14   4.50  72.46
 4  4   52.81    .14    .53    .66    .66    .32    .24   4.50  72.46
 4  6   52.79    .12    .58    .61    .61    .39    .21   4.50  72.46
 4  7   27.80    .16    .30    .35    .35    .60    .33   4.50  72.46
 4  8   47.24    .09    .18    .59   -.74    .52    .16   4.50  72.46
 4  9   74.34    .11    .63    .70    .70    .44    .12   4.50  72.46
 4 10   50.02    .15    .47    .56    .56    .31    .14   4.50  72.46
 4 11   36.82    .15    .17    .47   -.62    .55    .19   4.50  72.46
 4 12   68.08    .16    .69    .74    .74    .21    .23   4.50  72.46
 4 13   36.82    .02    .36    .47    .47    .64    .14   4.50  72.46
 4 15   16.67    .11    .00    .08    .08    .94    .33   4.50  72.46
 4 16   50.00    .06    .31    .50    .50    .72    .13   4.50  72.46
 4 17   40.30    .15    .38    .55   -.62    .36    .24   4.50  72.46
 4 18   37.53    .12    .37    .44    .44    .62    .16   4.50  72.46
 4 20   69.48    .12    .18    .12   -.88    .76    .11   4.50  72.46
 4 21   39.60    .02    .09    .02    .02    .79    .18   4.50  72.46
 4 22   31.26    .15    .16    .29    .29    .74    .17   4.50  72.46
 4 23   20.15    .14    .03    .03    .03    .90    .32   4.50  72.46
 4 24   36.13    .06    .23    .50   -.65    .54    .40   4.50  72.46
 4 25   27.78    .16    .10    .15    .15    .98    .16   4.50  72.46
 4 26   35.44    .10    .22    .53   -.61    .50    .23   4.50  72.46
 4 27   41.68    .12    .20    .47    .47    .39    .22   4.50  72.46
 4 29   63.23    .16    .16    .14    .14    .78    .10   4.50  72.46
 4 31   27.09    .16    .03    .03    .03    .57    .24   4.50  72.46
 4 32   19.46    .16    .07    .07    .07    .91    .25   4.50  72.46
 4 34   31.95    .15    .26    .30    .30    .63    .15   4.50  72.46
 4 37   29.88    .08    .30    .39    .39    .57    .22   4.50  72.46
 4 38   30.57    .15    .32    .36    .36    .57    .21   4.50  72.46
 4 39   34.73    .15    .28    .48   -.64    .50    .13   4.50  72.46
 4 41   22.93    .06    .09    .09    .09    .90    .20   4.50  72.46
 4 44   66.68    .10    .56    .63    .63    .18    .11   4.50  72.46
 4 46   55.59    .15    .13    .18   -.80    .84    .28   4.50  72.46
 4 50   22.24    .15    .06    .06    .06    .82    .18   4.50  72.46
 4 51   33.35    .10    .38    .42    .42    .70    .14   4.50  72.46
 4 53   45.17    .16    .08    .26   -.69    .73    .24   4.50  72.46
 4 54   34.04    .16    .35    .43    .43    .69    .17   4.50  72.46
 4 55   35.42    .15    .37    .53   -.61    .49    .28   4.50  72.46
 4 56   20.15    .15    .10    .10    .10    .93    .27   4.50  72.46
 4 57   45.15    .15    .20    .23    .23    .75    .20   4.50  72.46
 4 59   33.35    .11    .37    .46    .46    .65    .15   4.50  72.46
 4 60   34.06    .16    .39    .43    .43    .44    .17   4.50  72.46
 4 61   27.09    .12    .08    .08    .08    .63    .15   4.50  72.46
 5  1   18.77    .32    .04    .04    .04    .98    .36  15.06  69.62
 5  3   50.02    .65    .06    .36   -.69    .63    .41  15.06  69.62
 5  5   41.68    .35    .53    .57    .57    .43    .37  15.06  69.62
 5  7   25.02    .45    .06    .11    .11    .67    .11  15.06  69.62
 5  8   83.37    .62    .00    .03   -.87    .97    .25  15.06  69.62
 5  9   25.02    .69    .17    .28    .28    .70    .23  15.06  69.62
 5 11   21.53    .34    .03    .03    .03    .71    .10  15.06  69.62
 5 13   56.28    .65    .60    .70    .70    .32    .21  15.06  69.62
 5 17   58.37    .26    .62    .62    .62    .43    .18  15.06  69.62
 5 18   38.22    .30    .35    .60   -.60    .40    .37  15.06  69.62
 5 19   27.09    .59    .18    .23    .23    .69    .22  15.06  69.62
 5 20   34.04    .45    .35    .39    .39    .47    .12  15.06  69.62
 5 21   36.82    .67    .36    .51    .51    .64    .19  15.06  69.62
 5 22   25.02    .53    .22    .22    .22    .58    .16  15.06  69.62
 5 23   20.86    .46    .07    .07    .07    .99    .14  15.06  69.62
 5 24   56.28    .50    .58    .70   -.78    .28    .32  15.06  69.62
 5 25   28.48    .69    .32    .37    .37    .45    .11  15.06  69.62
 5 26   50.02    .70    .39    .78   -.69    .23    .43  15.06  69.62
 5 27   26.40    .35    .16    .16    .16    .63    .27  15.06  69.62
 5 29   20.84    .08    .07    .13    .13    .80    .28  15.06  69.62
 5 30   58.35    .67    .62    .71    .71    .29    .23  15.06  69.62
 5 32   24.31    .25    .26    .31    .31    .62    .32  15.06  69.62
 5 33   50.02    .71    .19    .42   -.75    .63    .31  15.06  69.62
 5 34   23.62    .50    .06    .06    .06    .86    .16  15.06  69.62
 5 35   33.35    .67    .21    .38    .38    .75    .11  15.06  69.62
 5 36   21.55    .65    .10    .16    .16    .65    .18  15.06  69.62
 5 37   71.55    .23    .20    .20    .20    .79    .28  15.06  69.62
 5 38   63.92    .67    .59    .65   -.83    .33    .17  15.06  69.62
 5 39   19.46    .31    .00    .00    .00    .83    .15  15.06  69.62
 5 40   20.84    .46    .07    .07    .07    .86    .22  15.06  69.62
 5 41   40.30    .69    .41    .41    .41    .60    .23  15.06  69.62
 5 42   22.93    .59    .09    .15    .15    .61    .13  15.06  69.62
 5 43   65.99    .65    .54    .58    .58    .44    .32  15.06  69.62
 5 44   22.93    .71    .09    .09    .09    .68    .15  15.06  69.62
 5 45   54.88    .70    .57    .70   -.77    .29    .28  15.06  69.62
 5 46   54.19    .33    .51    .64   -.77    .35    .25  15.06  69.62
 5 47   29.19    .60    .10    .33    .33    .44    .25  15.06  69.62
 5 48   34.73    .50    .40    .48    .48    .50    .49  15.06  69.62
 5 49   68.08    .62    .67    .71    .71    .31    .18  15.06  69.62
 5 50   56.28    .69    .53    .70    .70    .31    .24  15.06  69.62
 5 51   20.15    .28    .10    .10    .10    .85    .35  15.06  69.62
 1  1   46.16    .34    .34    .52    .73    .53    .26  25.33  93.54
 1  2   25.49    .41    .08    .08   -.08    .92    .27  25.33  93.54
 1  3   21.36    .36    .03    .03   -.03    .90    .14  25.33  93.54
 1  5   36.51    .44    .32    .47    .74    .51    .27  25.33  93.54
 1  6   46.16    .26    .49    .64    .76    .34    .35  25.33  93.54
 1  7   78.54    .34    .46    .49    .84    .53    .27  25.33  93.54
 1 10   80.62    .44    .47    .83    .16    .19    .35  25.33  93.54
 1 11   26.86    .38    .18    .28    .28    .66    .23  25.33  93.54
 1 12   56.50    .29    .61    .68    .68    .29    .21  25.33  93.54
 1 13   22.04    .43    .12    .19    .19    .81    .29  25.33  93.54
 1 14   24.80    .43    .17    .22    .22    .63    .26  25.33  93.54
 1 15   57.19    .45    .54    .64    .64    .36    .18  25.33  93.54
 1 16   20.67    .36    .00    .07    .07    .99    .22  25.33  93.54
 1 17   30.31    .31    .23    .36    .36    .69    .15  25.33  93.54
 1 18   28.25    .41    .12    .22    .22    .58    .10  25.33  93.54
 1 19   70.28    .45    .35    .33    .33    .66    .35  25.33  93.54
 1 20   53.05    .42    .56    .64    .64    .42    .16  25.33  93.54
 1 21   50.29    .30    .48    .53    .53    .59    .15  25.33  93.54
 1 22   20.67    .45    .00    .00    .00    .71    .13  25.33  93.54
 1 23   59.24    .41    .53    .72   -.60    .23    .18  25.33  93.54
 1 24  104.70    .41    .11    .04   -.87    .13    .28  25.33  93.54
 1 25   42.03    .39    .34    .51   -.80    .29    .22  25.33  93.54
 1 26   93.68    .31    .01    .81   -.38    .61    .19  25.33  93.54
 1 28   68.89    .40    .32    .40   -.80    .61    .24  25.33  93.54
 1 29   27.56    .43    .05    .25    .25    .82    .17  25.33  93.54
 1 30   23.43    .09    .06    .12    .12    .80    .30  25.33  93.54
 1 31  153.62    .33    .28    .29   -.96    .72    .42  25.33  93.54
 1 32   19.99    .34    .03    .03    .03    .86    .25  25.33  93.54
 1 33   24.10    .31    .03    .09    .09    .54    .13  25.33  93.54
 2  1   20.67    .03    .00    .00    .00    .85    .16   2.06  83.60
 2  2   45.46    .03    .15    .18    .18    .82    .27   2.06  83.60
 2  3   90.25    .03    .66    .82   -.88    .19    .32   2.06  83.60
 2  4   19.30    .02    .00    .07    .07    .93    .35   2.06  83.60
 2  5   54.43    .03    .42    .70   -.77    .31    .31   2.06  83.60
 2  6   22.73    .04    .03    .09    .09    .93    .35   2.06  83.60
 2  7   93.01    .03    .32    .87   -.85    .14    .24   2.06  83.60
 2  8   19.97    .00    .03    .03    .03    .98    .37   2.06  83.60
 2  9   24.12    .01    .14    .20    .20    .96    .14   2.06  83.60
 2 10   68.21    .03    .56    .78   -.82    .23    .25   2.06  83.60
 2 11  121.24    .01    .45    .89   -.53    .11    .31   2.06  83.60
 2 12   87.49    .03    .01    .02   -.84    .98    .38   2.06  83.60
 2 13   50.98    .03    .65    .65    .65    .32    .26   2.06  83.60
 2 14  121.93    .04    .53    .51   -.92    .48    .31   2.06  83.60
 2 15   33.75    .03    .10    .55   -.51    .45    .36   2.06  83.60
 2 16   97.14    .02    .72    .74    .74    .15    .18   2.06  83.60
 2 17   17.91    .03    .08    .08    .08    .89    .39   2.06  83.60
 2 18   43.40    .04    .43    .59   -.65    .41    .37   2.06  83.60
 2 19   55.80    .04    .28    .36   -.80    .69    .26   2.06  83.60
 2 20   36.51    .04    .40    .51    .51    .49    .30   2.06  83.60
 2 21   35.81    .04    .38    .46    .46    .56    .29   2.06  83.60
 3  3   92.31    .22    .78    .79    .79    .16    .12  14.91  74.29
 3  4   21.36    .20    .03    .03    .03    .83    .20  14.91  74.29
 3  5   36.51    .30    .02    .55   -.55    .45    .46  14.91  74.29
 3  7   26.18    .17    .11    .05    .05    .60    .12  14.91  74.29
 3  8   49.59    .29    .39    .50   -.86    .25    .21  14.91  74.29
 3  9   33.05    .13    .38    .42    .42    .69    .17  14.91  74.29
 3 10   30.99    .27    .29    .47    .47    .56    .26  14.91  74.29
 3 11   23.43    .10    .12    .12    .12    .54    .13  14.91  74.29
 3 12   44.79    .28    .29    .57   -.69    .42    .35  14.91  74.29
 3 15   67.52    .11    .69    .71    .71    .30    .28  14.91  74.29
 3 18   40.64    .19    .36    .59   -.66    .39    .28  14.91  74.29
 3 21   59.93    .30    .47    .54    .54    .45    .13  14.91  74.29
 3 22   24.12    .25    .09    .09    .09    .73    .11  14.91  74.29
 3 24   39.27    .22    .26    .51   -.61    .52    .20  14.91  74.29
 3 25   27.56    .27    .10    .15    .15    .55    .11  14.91  74.29
 3 26   73.71    .01    .66    .74    .74    .28    .24  14.91  74.29
 3 27   20.67    .20    .07    .07    .07    .87    .19  14.91  74.29
 3 28   22.06    .30    .13    .13    .13    .53    .11  14.91  74.29
 3 30   19.97    .13    .04    .04    .04    .96    .24  14.91  74.29
 3 31   45.46    .16    .39    .45    .45    .31    .22  14.91  74.29
 3 32   19.28    .30    .00    .00    .00    .89    .14  14.91  74.29
 3 33   27.56    .26    .10    .10    .10    .70    .18  14.91  74.29
 3 34   45.48    .14    .55    .58    .58    .28    .14  14.91  74.29
 3 37   22.04    .27    .06    .06    .06    .73    .14  14.91  74.29
 3 38   57.19    .19    .59    .71    .71    .27    .31  14.91  74.29
 3 39   19.97    .12    .03    .03    .03    .88    .22  14.91  74.29
 3 41   33.07    .23    .33    .50    .50    .53    .32  14.91  74.29
 3 43   35.81    .30    .35    .50    .50    .44    .28  14.91  74.29
 3 44   38.57    .30    .32    .57   -.68    .41    .33  14.91  74.29
 3 45   41.33    .17    .50    .57    .57    .44    .22  14.91  74.29
 3 47   24.10    .24    .20    .20    .20    .98    .13  14.91  74.29
 3 48   28.93    .17    .05    .05    .05    .50    .28  14.91  74.29
 3 49   21.36    .27    .10    .16    .16    .78    .22  14.91  74.29
 3 50   20.67    .26    .00    .07    .07    .91    .13  14.91  74.29
 3 51   42.01    .30    .25    .25    .25    .99    .35  14.91  74.29
 3 52   24.81    .22    .06    .11    .11    .67    .11  14.91  74.29
 3 53   57.87    .28    .48    .57    .57    .66    .22  14.91  74.29
 4  1   37.90    .11    .35    .53    .60    .50    .16   8.91  77.58
 4  3   30.31    .21    .23    .27   -.27    .59    .11   8.91  77.58
 4  4   82.67    .20    .38    .43    .80    .60    .13   8.91  77.58
 4  5   37.88    .20    .45    .49   -.49    .45    .25   8.91  77.58
 4  7   57.19    .18    .47    .71    .86    .24    .33   8.91  77.58
 4  9  111.59    .20    .72    .77   -.77    .28    .15   8.91  77.58
 4 10   39.94    .16    .34    .45   -.45    .67    .13   8.91  77.58
 4 11   39.27    .15    .12    .54    .61    .37    .39   8.91  77.58
 4 12   34.44    .03    .28    .48    .64    .58    .22   8.91  77.58
 4 14   35.12    .19    .02    .18   -.18    .74    .23   8.91  77.58
 4 15   75.78    .17    .56    .73    .15    .39    .12   8.91  77.58
 4 16   39.96    .19    .17    .52    .69    .32    .27   8.91  77.58
 4 17   46.85    .19    .03    .09    .68    .90    .29   8.91  77.58
 4 18   48.92    .09    .10    .10    .78    .91    .29   8.91  77.58
 4 19   20.67    .21    .07    .13   -.13    .87    .21   8.91  77.58
 4 21   54.43    .19    .39    .54    .44    .66    .20   8.91  77.58
 4 22   62.02    .17    .31    .71    .07    .28    .31   8.91  77.58
 4 23   20.67    .15    .07    .07    .07    .86    .38   8.91  77.58
 4 24   45.46    .21    .36    .42    .42    .78    .20   8.91  77.58
 4 25   31.01    .13    .29    .47    .47    .47    .28   8.91  77.58
 4 26   84.04    .17    .64    .66    .66    .36    .12   8.91  77.58
 4 27   24.80    .11    .17    .17    .17    .68    .18   8.91  77.58
 4 28   43.40    .14    .49    .56    .56    .55    .12   8.91  77.58
 4 29   42.72    .20    .32    .68   -.68    .35    .43   8.91  77.58
 4 30   53.05    .18    .45    .53    .53    .76    .38   8.91  77.58
 4 31   36.53    .19    .13    .47   -.66    .33    .25   8.91  77.58
 5  1   19.30    .26    .00    .07    .07    .98    .26  15.38  68.70
 5  4   26.86    .14    .23    .23    .23    .81    .23  15.38  68.70
 5  5   28.93    .26    .29    .33    .33    .66    .24  15.38  68.70
 5  6   19.97    .27    .03    .10    .10    .80    .13  15.38  68.70
 5  7   36.51    .27    .06    .21    .21    .81    .16  15.38  68.70
 5  8   55.80    .26    .33    .21    .21    .81    .35  15.38  68.70
 5  9   32.38    .22    .23    .36    .36    .63    .23  15.38  68.70
 5 10   19.97    .09    .03    .03    .03    .97    .29  15.38  68.70
 5 11   19.99    .19    .03    .03    .03    .93    .25  15.38  68.70
 5 12   22.06    .26    .06    .13    .13    .77    .29  15.38  68.70
 5 13   42.03    .26    .34    .57   -.70    .31    .31  15.38  68.70
 5 14   23.43    .23    .06    .06    .06    .63    .10  15.38  68.70
 5 17   38.57    .27    .46    .54    .54    .44    .26  15.38  68.70
 5 18   39.96    .24    .38    .45    .45    .53    .25  15.38  68.70
 5 19   66.82    .27    .57    .73   -.79    .27    .29  15.38  68.70
 5 20   19.97    .27    .03    .03    .03    .96    .23  15.38  68.70
 5 21  130.21    .14    .47    .57   -.68    .32    .17  15.38  68.70
 5 23   20.67    .26    .07    .07    .07    .74    .12  15.38  68.70
 5 24   53.05    .14    .61    .64    .64    .35    .20  15.38  68.70
 5 25   27.56    .23    .20    .30    .30    .64    .33  15.38  68.70
 5 26   25.49    .26    .08    .13    .13    .87    .11  15.38  68.70
 5 27   22.75    .26    .09    .09    .09    .73    .16  15.38  68.70
 5 28   42.03    .13    .38    .44    .44    .39    .20  15.38  68.70
 5 30   66.13    .12    .69    .71    .71    .25    .14  15.38  68.70
 5 31   23.43    .23    .12    .12    .12    .68    .12  15.38  68.70
 5 32  127.43    .19    .78    .83    .83    .11    .13  15.38  68.70
 5 33   33.05    .25    .29    .38    .38    .70    .31  15.38  68.70
 5 34   23.41    .23    .06    .06    .06    .85    .26  15.38  68.70
 5 35   28.25    .27    .12    .22    .22    .47    .12  15.38  68.70
 5 36   22.06    .08    .06    .06    .06    .73    .17  15.38  68.70
 5 37   33.05    .26    .29    .42    .42    .59    .25  15.38  68.70
 5 38   37.90    .07    .45    .49    .49    .40    .16  15.38  68.70
 5 39   19.97    .27    .04    .04    .04    .94    .12  15.38  68.70
 5 40   29.62    .26    .02    .07    .07    .83    .19  15.38  68.70
 1  1  149.49    .12    .84    .87   -.93    .15    .11   7.05 116.79
 1  2  189.45    .15    .16    .21   -.93    .80    .45   7.05 116.79
 1  3   47.55    .18    .42    .62   -.68    .39    .23   7.05 116.79
 1  5   33.07    .16    .33    .54   -.63    .45    .28   7.05 116.79
 1  6   74.41    .12    .06    .22   -.80    .78    .51   7.05 116.79
 1  7   45.46    .19    .15    .64   -.54    .35    .27   7.05 116.79
 1  8  148.81    .17    .84    .88   -.92    .15    .27   7.05 116.79
 1  9   35.14    .18    .02    .57   -.49    .41    .40   7.05 116.79
 1 10   70.28    .18    .67    .75    .75    .33    .14   7.05 116.79
 1 11   59.24    .18    .37    .77   -.72    .23    .42   7.05 116.79
 1 12  122.63    .17    .42    .86   -.90    .14    .45   7.05 116.79
 1 13   17.91    .18    .00    .00    .00    .81    .20   7.05 116.79
 1 14  126.78    .17    .79    .87   -.90    .13    .21   7.05 116.79
 1 15  163.27    .19    .73    .74    .74    .26    .26   7.05 116.79
 1 16   68.91    .12    .70    .74    .74    .26    .35   7.05 116.79
 1 17   45.46    .18    .42    .67   -.67    .35    .22   7.05 116.79
 1 18   57.87    .17    .31    .24    .24    .76    .41   7.05 116.79
 1 19   22.04    .17    .06    .06    .06    .90    .51   7.05 116.79
 1 20   90.94    .17    .79    .83    .83    .16    .44   7.05 116.79
 1 21   62.69    .04    .65    .71    .71    .28    .25   7.05 116.79
 1 22   20.67    .18    .00    .07    .07    .90    .18   7.05 116.79
 1 23  116.41    .08    .70    .87   -.88    .12    .54   7.05 116.79
 1 24  175.67    .17    .21    .28   -.91    .72    .34   7.05 116.79
 1 25   33.05    .14    .08    .04    .04    .73    .34   7.05 116.79
 2  1   22.06    .42    .06    .13    .13    .81    .18  34.29  79.56
 2  2   36.51    .60    .21    .32    .32    .97    .11  34.29  79.56
 2  3   19.97    .45    .03    .03    .03    .86    .14  34.29  79.56
 2  4   55.80    .20    .60    .63    .63    .38    .24  34.29  79.56
 2  5   71.65    .65    .56    .58    .58    .60    .10  34.29  79.56
 2  7   20.67    .65    .00    .07    .07    .80    .14  34.29  79.56
 2  9   52.35    .28    .61    .63    .63    .42    .19  34.29  79.56
 2 11   22.73    .30    .03    .03   -.03    .92    .24  34.29  79.56
 2 12   28.94    .25    .05    .19   -.19    .48    .27  34.29  79.56
 2 15   19.97    .62    .03    .03   -.03    .82    .11  34.29  79.56
 2 16   31.01    .47    .16    .16   -.16    .73    .18  34.29  79.56
 2 17   29.62    .62    .12    .26   -.26    .77    .15  34.29  79.56
 2 19   19.99    .65    .03    .03   -.03    .91    .16  34.29  79.56
 2 23   21.36    .20    .03    .03   -.03    .93    .16  34.29  79.56
 2 27   23.43    .30    .00    .00    .00    .84    .18  34.29  79.56
 2 30   49.61    .37    .44    .58    .78    .33    .25  34.29  79.56
 2 31   25.49    .60    .08    .08   -.08    .68    .17  34.29  79.56
 2 32   44.79    .61    .02    .17    .72    .95    .12  34.29  79.56
 2 34   36.51    .14    .21    .36   -.36    .96    .23  34.29  79.56
 2 35   38.57    .53    .00    .29   -.29    .88    .23  34.29  79.56
 2 36   65.45    .60    .56    .58   -.58    .49    .16  34.29  79.56
 2 37   32.38    .28    .28    .40   -.40    .56    .21  34.29  79.56
 2 41   44.79    .38    .41    .54    .85    .59    .15  34.29  79.56
 2 46   20.67    .24    .07    .07   -.07    .83    .16  34.29  79.56
 2 48   38.59    .12    .46    .57   -.57    .39    .28  34.29  79.56
 2 51   27.56    .49    .10    .20   -.20    .50    .13  34.29  79.56
 2 52   32.38    .47    .11    .36   -.36    .46    .27  34.29  79.56
 2 53   26.88    .63    .18    .18   -.18    .63    .17  34.29  79.56
 2 56   19.97    .40    .10    .10   -.10    .78    .13  34.29  79.56
 2 59   31.01    .41    .33    .42    .42    .66    .15  34.29  79.56
 2 62   32.38    .60    .11    .19    .19    .81    .19  34.29  79.56
 2 63   24.12    .32    .03    .08    .08    .90    .23  34.29  79.56
 2 65   34.44    .65    .04    .00    .00    .88    .12  34.29  79.56
 2 66   34.44    .65    .08    .44    .44    .33    .15  34.29  79.56
 2 67   21.36    .20    .10    .10    .10    .94    .13  34.29  79.56
 2 70   17.91    .42    .00    .00    .00    .95    .26  34.29  79.56
 2 71   18.60    .18    .04    .04    .04    .89    .29  34.29  79.56
 2 72   30.31    .61    .18    .36    .36    .48    .11  34.29  79.56
 2 73   52.35    .60    .13    .03   -.74    .88    .18  34.29  79.56
 3  1   50.98    .13    .38    .38   -.38    .87    .26   3.61  72.84
 3  4   36.51    .23    .25    .28   -.28    .69    .13   3.61  72.84
 3  5   69.58    .06    .03    .31    .37    .69    .34   3.61  72.84
 3  9   81.30    .14    .71    .78   -.78    .24    .18   3.61  72.84
 3 12   39.96    .21    .48    .52   -.52    .67    .12   3.61  72.84
 3 13   43.40    .15    .33    .33   -.33    .95    .22   3.61  72.84
 3 14   64.76    .14    .66    .68   -.68    .33    .19   3.61  72.84
 3 15   21.34    .21    .03    .10   -.10    .93    .19   3.61  72.84
 3 18   30.31    .23    .05    .09   -.09    .79    .27   3.61  72.84
 3 19   24.80    .23    .11    .11   -.11    .62    .10   3.61  72.84
 3 20   64.06    .21    .55    .68    .78    .31    .22   3.61  72.84
 3 22   36.51    .14    .21    .28   -.28    .76    .26   3.61  72.84
 3 23   52.35    .22    .39    .55   -.55    .24    .14   3.61  72.84
 3 24   22.75    .20    .03    .03   -.03    .66    .13   3.61  72.84
 3 29   51.66    .15    .57    .65   -.65    .28    .14   3.61  72.84
 3 31   53.06    .20    .53    .66    .51    .27    .18   3.61  72.84
 3 32   43.42    .20    .21    .30    .81    .81    .25   3.61  72.84
 3 34   48.22    .23    .43    .60    .77    .47    .24   3.61  72.84
 3 35   30.99    .23    .20    .20   -.20    .52    .12   3.61  72.84
 3 36   26.17    .23    .05    .10   -.10    .82    .12   3.61  72.84
 3 39   87.49    .19    .57    .53   -.53    .54    .14   3.61  72.84
 3 41   22.73    .22    .09    .09   -.09    .89    .10   3.61  72.84
 3 42   44.09    .05    .19    .50    .63    .49    .23   3.61  72.84
 3 44   32.36    .23    .02    .06   -.06    .64    .28   3.61  72.84
 3 45   30.99    .19    .02    .11   -.11    .68    .18   3.61  72.84
 3 46   26.86    .17    .18    .18   -.18    .69    .15   3.61  72.84
 3 47   22.06    .22    .06    .13   -.13    .73    .13   3.61  72.84
 3 49   42.70    .17    .32    .35   -.35    .45    .13   3.61  72.84
 3 52   98.53    .12    .16    .10    .86    .95    .11   3.61  72.84
 3 53   55.11    .15    .18    .28    .75    .74    .25   3.61  72.84
 3 58   24.12    .22    .14    .14    .14    .89    .19   3.61  72.84
 3 59   46.16    .07    .19    .40   -.64    .36    .15   3.61  72.84
 3 60   22.06    .21    .06    .06    .06    .78    .10   3.61  72.84
 3 61   21.36    .23    .03    .03    .03    .96    .16   3.61  72.84
 3 62   46.85    .19    .50    .56    .56    .35    .15   3.61  72.84
 3 63   19.30    .23    .00    .07    .07    .83    .14   3.61  72.84
 3 64   21.36    .15    .03    .03    .03    .88    .12   3.61  72.84
 3 65   46.85    .23    .21    .29   -.76    .80    .14   3.61  72.84
 3 66   46.85    .07    .21    .56   -.62    .49    .28   3.61  72.84
 3 67   60.63    .04    .48    .70   -.84    .30    .16   3.61  72.84
 3 68   49.61    .23    .47    .61   -.75    .43    .29   3.61  72.84
 3 70   28.94    .23    .19    .33    .33    .67    .17   3.61  72.84
 3 71   39.96    .22    .41    .59   -.55    .42    .24   3.61  72.84
 3 75   21.36    .21    .10    .10    .10    .93    .11   3.61  72.84
 3 76   55.11    .17    .15    .72   -.10    .26    .24   3.61  72.84
 3 79   35.83    .23    .23    .58   -.62    .41    .25   3.61  72.84
 3 80   66.82    .04    .57    .71   -.83    .27    .20   3.61  72.84
 3 81   19.97    .23    .03    .03    .03   1.00    .10   3.61  72.84
 3 82   46.16    .08    .10    .05    .05    .23    .10   3.61  72.84
 3 84   69.58    .21    .09    .03   -.82    .98    .27   3.61  72.84
 3 86   37.90    .09    .35    .42    .42    .49    .16   3.61  72.84
 3 87   19.30    .22    .07    .07    .07    .79    .23   3.61  72.84
 3 88   75.08    .08    .61    .80   -.41    .21    .34   3.61  72.84
 4  1   17.93    .39    .00    .00    .00    .88    .23   7.31  75.75
 4  2   86.79    .36    .73    .76   -.76    .29    .11   7.31  75.75
 4  3   25.49    .39    .14    .14   -.14    .74    .16   7.31  75.75
 4  4   21.36    .23    .03    .03   -.03    .87    .12   7.31  75.75
 4  6   31.01    .04    .02    .38    .47    .42    .29   7.31  75.75
 4  7   19.97    .38    .03    .03   -.03    .82    .19   7.31  75.75
 4  8   41.33    .36    .20    .30   -.30    .94    .21   7.31  75.75
 4  9   49.61    .34    .31    .64    .06    .94    .28   7.31  75.75
 4 11   53.72    .39    .59    .64    .64    .38    .24   7.31  75.75
 4 13   54.42    .38    .62    .65    .65    .33    .22   7.31  75.75
 4 14   45.48    .35    .03    .67   -.58    .35    .28   7.31  75.75
 4 15   35.81    .38    .27    .54   -.65    .41    .34   7.31  75.75
 4 17   25.49    .25    .19    .19    .19    .87    .20   7.31  75.75
 4 19   19.30    .29    .00    .00    .00    .94    .28   7.31  75.75
 4 21   72.34    .37    .54    .79   -.30    .21    .27   7.31  75.75
 4 22   21.36    .28    .03    .03    .03    .76    .10   7.31  75.75
 4 23   29.62    .35    .02    .02    .02    .57    .24   7.31  75.75
 4 24   41.33    .27    .33    .60   -.63    .36    .15   7.31  75.75
 4 25   38.59    .34    .46    .54    .54    .52    .13   7.31  75.75
 4 26   44.09    .32    .03    .47   -.59    .54    .42   7.31  75.75
 4 27   44.79    .23    .48    .60   -.82    .42    .17   7.31  75.75
 4 28   61.30    .31    .57    .75   -.08    .26    .25   7.31  75.75
 4 29   28.94    .27    .19    .29    .29    .84    .12   7.31  75.75
 4 30   20.67    .22    .00    .07    .07    .94    .12   7.31  75.75
 4 31   62.02    .36    .56    .76   -.73    .26    .21   7.31  75.75
 4 32   83.36    .35    .26    .17   -.87    .83    .24   7.31  75.75
 4 33   57.17    .39    .45    .69    .69    .25    .28   7.31  75.75
 4 34   37.90    .33    .35    .56   -.67    .49    .29   7.31  75.75
 4 36   23.43    .39    .18    .24    .24    .69    .14   7.31  75.75
 4 37   36.51    .12    .09    .09    .09    .92    .20   7.31  75.75
 4 38   19.97    .29    .03    .03    .03    .80    .11   7.31  75.75
 4 39   60.63    .35    .43    .50   -.89    .67    .30   7.31  75.75
 4 40   26.88    .32    .03    .03    .03    .83    .12   7.31  75.75
 4 41   28.25    .17    .12    .22    .22    .62    .30   7.31  75.75
 5  2   42.01    .22    .28    .28    .28    .61    .15  10.62  68.24
 5  3   55.13    .24    .02    .02   -.82    .96    .35  10.62  68.24
 5  4   28.23    .13    .22    .32    .32    .68    .20  10.62  68.24
 5  5   54.42    .24    .60    .67    .67    .38    .16  10.62  68.24
 5  6   76.47    .20    .12    .06   -.89    .87    .17  10.62  68.24
 5  7   24.12    .24    .14    .20    .20    .64    .18  10.62  68.24
 5  8   24.12    .18    .09    .03    .03    .86    .11  10.62  68.24
 5  9   55.80    .14    .43    .65    .65    .50    .13  10.62  68.24
 5 11   50.98    .21    .49    .51    .51    .67    .19  10.62  68.24
 5 13   19.99    .22    .03    .03    .03    .99    .16  10.62  68.24
 5 14   27.56    .13    .00    .00    .00    .67    .18  10.62  68.24
 5 17   23.43    .24    .18    .24    .24    .94    .14  10.62  68.24
 5 18   58.56    .15    .18    .01   -.79    .98    .27  10.62  68.24
 5 19   48.92    .19    .61    .66    .66    .43    .12  10.62  68.24
 5 20   21.36    .19    .10    .16    .16    .85    .32  10.62  68.24
 5 21   75.08    .11    .25    .06   -.78    .87    .14  10.62  68.24
 5 22   33.75    .21    .35    .47    .47    .48    .22  10.62  68.24
 5 23   27.56    .20    .25    .30    .30    .63    .16  10.62  68.24
 5 24   21.36    .24    .03    .03    .03    .97    .14  10.62  68.24
 5 25   69.58    .20    .19    .21    .21    .74    .14  10.62  68.24
 5 27   32.38    .24    .32    .45    .45    .63    .15  10.62  68.24
 5 28   52.37    .23    .16    .13   -.74    .91    .31  10.62  68.24
 5 29   17.93    .23    .00    .00    .00    .96    .26  10.62  68.24
 5 30   48.92    .24    .30    .63   -.75    .34    .37  10.62  68.24
 5 33   39.27    .12    .12    .54   -.47    .49    .19  10.62  68.24
 5 35   64.06    .16    .63    .72    .72    .35    .11  10.62  68.24
 5 36   19.99    .24    .03    .03    .03    .94    .26  10.62  68.24
 5 37   86.12    .23    .17    .17   -.87    .86    .23  10.62  68.24
 5 39   35.14    .21    .02    .26    .26    .84    .26  10.62  68.24
 5 40   20.67    .18    .00    .00    .00    .80    .14  10.62  68.24
 5 41   30.31    .24    .09    .14    .14    .78    .15  10.62  68.24
 5 42   40.64    .21    .05    .46   -.59    .54    .27  10.62  68.24
 5 43   35.83    .24    .27    .50   -.69    .44    .24  10.62  68.24
 5 44   25.49    .24    .19    .24    .24    .77    .21  10.62  68.24
 5 45   87.49    .13    .26    .20   -.87    .80    .27  10.62  68.24
 5 46   19.99    .23    .03    .10    .10    .92    .22  10.62  68.24
 5 48   24.12    .18    .08    .08    .08    .60    .11  10.62  68.24
 5 49   59.24    .16    .51    .67    .67    .17    .13  10.62  68.24
 5 50   28.94    .17    .14    .19    .19    .81    .17  10.62  68.24
 5 51   22.73    .24    .03    .09    .09    .83    .24  10.62  68.24
 5 52   26.19    .24    .05    .05    .05    .52    .22  10.62  68.24
 5 54   20.69    .22    .00    .00    .00    .98    .30  10.62  68.24
 5 55   46.16    .22    .37    .61   -.67    .39    .42  10.62  68.24
 1  1   65.45    .38    .52    .60   -.60    .46    .14  28.64 178.08
 1  2  254.92    .37    .17    .22    .97    .78    .28  28.64 178.08
 1  3  151.58    .38    .65    .85    .44    .10    .18  28.64 178.08
 1  4   75.79    .38    .05    .13   -.73    .87    .24  28.64 178.08
 1  5   66.14    .34    .25    .15   -.69    .27    .22  28.64 178.08
 1  6  222.54    .33    .52    .95   -.61    .05    .32  28.64 178.08
 1  7  239.08    .34    .75    .80    .95    .05    .20  28.64 178.08
 1  8  138.50    .38    .12    .44    .29    .55    .25  28.64 178.08
 1  9  232.89    .35    .44    .83    .95    .18    .21  28.64 178.08
 1 11   82.68    .37    .30    .77   -.13    .24    .16  28.64 178.08
 1 14  137.11    .26    .67    .85    .94    .22    .30  28.64 178.08
 1 15  128.15    .17    .23    .34    .92    .07    .33  28.64 178.08
 1 16  264.59    .31    .70    .74    .58    .27    .15  28.64 178.08
 1 17  265.96    .33    .23    .34   -.98    .66    .18  28.64 178.08
 1 18  201.88    .38    .30    .29   -.95    .71    .15  28.64 178.08
 1 19  127.48    .32    .37    .37   -.70    .62    .26  28.64 178.08
 1 21  144.69    .38    .50    .53    .53    .48    .24  28.64 178.08
 1 22  102.67    .36    .48    .65    .65    .35    .11  28.64 178.08
 1 23   61.32    .36    .24    .21    .21    .74    .11  28.64 178.08
 1 24  143.30    .32    .47    .92   -.56    .08    .25  28.64 178.08
 1 25  142.63    .29    .75    .84    .26    .19    .17  28.64 178.08
 1 26  274.93    .33    .17    .92    .92    .10    .35  28.64 178.08
 1 27  146.75    .36    .69    .88   -.03    .09    .21  28.64 178.08
 1 28  119.18    .26    .60    .57    .87    .12    .21  28.64 178.08
 1 29  133.65    .38    .46    .56    .91    .45    .29  28.64 178.08
 1 31   66.84    .29    .24    .15   -.15    .89    .22  28.64 178.08
 1 33   81.98    .34    .46    .51    .60    .53    .19  28.64 178.08
 1 34  157.79    .37    .69    .81   -.81    .23    .17  28.64 178.08
 1 36  179.83    .21    .75    .92    .69    .08    .21  28.64 178.08
 1 37  105.43    .36    .02    .02    .02    .95    .11  28.64 178.08
 1 38  203.94    .23    .56    .70   -.45    .29    .14  28.64 178.08
 1 39  101.97    .34    .24    .35    .19    .65    .19  28.64 178.08
 1 40  108.17    .17    .34    .50    .95    .49    .22  28.64 178.08
 1 41  101.30    .34    .46    .61    .02    .41    .18  28.64 178.08
 1 43   77.85    .37    .52    .73   -.73    .19    .25  28.64 178.08
 1 44  223.24    .15    .08    .96    .32    .04    .37  28.64 178.08
 1 45   75.09    .29    .56    .73    .73    .20    .16  28.64 178.08
 1 46  141.26    .37    .60    .70   -.18    .30    .21  28.64 178.08
 1 47   67.51    .23    .63    .78    .06    .24    .31  28.64 178.08
 2  2   90.26    .26    .50    .37    .85    .18    .18  10.98  91.83
 2  6   46.85    .22    .00    .15   -.59    .34    .23  10.98  91.83
 2  9   62.69    .26    .08    .03   -.78    .93    .20  10.98  91.83
 2 12   74.42    .10    .39    .56   -.85    .53    .18  10.98  91.83
 2 13   70.97    .23    .03    .81   -.30    .18    .20  10.98  91.83
 2 18   72.35    .26    .20    .81   -.12    .74    .18  10.98  91.83
 2 19   40.65    .25    .25    .42    .73    .33    .13  10.98  91.83
 2 21   56.49    .23    .15    .10    .78    .21    .14  10.98  91.83
 2 24   61.32    .17    .35    .62   -.73    .52    .14  10.98  91.83
 2 25   37.91    .13    .09    .20    .20    .79    .11  10.98  91.83
 2 31   89.57    .06    .46    .78   -.35    .12    .17  10.98  91.83
 2 33   54.43    .23    .19    .47   -.77    .24    .27  10.98  91.83
 2 36   62.71    .22    .14    .67   -.08    .92    .19  10.98  91.83
 2 37   66.82    .17    .44    .73   -.88    .29    .19  10.98  91.83
 2 39   75.11    .26    .49    .74   -.83    .20    .18  10.98  91.83
 2 40   53.06    .19    .40    .53    .53    .23    .13  10.98  91.83
 2 41   81.31    .18    .49    .59   -.41    .38    .12  10.98  91.83
 2 42   59.93    .22    .49    .72   -.72    .33    .16  10.98  91.83
 2 47   37.89    .26    .02    .24    .24    .36    .12  10.98  91.83
 2 48   77.18    .26    .64    .79   -.02    .15    .17  10.98  91.83
 2 50   48.24    .24    .11    .40    .66    .59    .23  10.98  91.83
 2 51   19.97    .26    .03    .03   -.03    .91    .12  10.98  91.83
 2 54   95.08    .15    .57    .72    .04    .32    .29  10.98  91.83
 2 55   53.06    .12    .51    .64   -.64    .32    .14  10.98  91.83
 2 59   56.49    .16    .02    .24    .76    .26    .16  10.98  91.83
 2 60   57.86    .09    .52    .67    .79    .28    .14  10.98  91.83
 2 66   46.87    .19    .18    .65    .68    .32    .25  10.98  91.83
 2 68   53.75    .20    .05    .00    .82    .91    .12  10.98  91.83
 2 70   55.12    .03    .30    .35   -.35    .55    .17  10.98  91.83
 2 72   55.82    .08    .11    .68    .21    .91    .16  10.98  91.83
 2 73   95.08    .24    .07    .88    .00    .12    .26  10.98  91.83
 2 74   71.66    .18    .13    .17   -.79    .90    .22  10.98  91.83
 1  1   36.51    .04    .09    .55    .62    .46    .37  12.18 154.15
 1  2   77.86    .05    .13    .36    .81    .58    .13  12.18 154.15
 1  3   46.85    .05    .23    .65    .06    .39    .14  12.18 154.15
 1  4  137.10    .03    .46    .90    .89    .06    .12  12.18 154.15
 1  7   82.67    .06    .37    .80    .82    .20    .10  12.18 154.15
 1  8  181.87    .06    .46    .36    .70    .63    .33  12.18 154.15
 1 10  290.72    .05    .62    .59    .96    .39    .17  12.18 154.15
 1 11   60.63    .05    .07    .66    .30    .79    .18  12.18 154.15
 1 13  228.02    .06    .61    .62    .94    .38    .31  12.18 154.15
 1 14   54.43    .04    .60    .62   -.62    .25    .16  12.18 154.15
 1 15  532.54    .06    .92    .97    .90    .03    .22  12.18 154.15
 1 17   39.96    .05    .38    .55    .55    .36    .21  12.18 154.15
 1 18   56.50    .03    .37    .68    .68    .97    .11  12.18 154.15
 1 22  151.55    .06    .73    .68   -.91    .32    .27  12.18 154.15
 1 24  257.66    .02    .84    .93   -.57    .16    .10  12.18 154.15
 1 26  153.62    .04    .50    .57    .23    .77    .25  12.18 154.15
 1 27   50.98    .05    .14    .49   -.62    .43    .20  12.18 154.15
 1 28   91.64    .06    .17    .16   -.85    .83    .20  12.18 154.15
 1 31  383.03    .06    .83    .86    .30    .14    .19  12.18 154.15
 1 32  172.24    .06    .46    .94   -.50    .06    .27  12.18 154.15
 1 38  134.34    .06    .36    .55   -.46    .45    .28  12.18 154.15
 1 43   68.89    .05    .44    .74   -.06    .15    .15  12.18 154.15
 1 44  148.12    .03    .53    .91   -.56    .43    .24  12.18 154.15
 1 46   50.29    .05    .01    .73    .29    .29    .27  12.18 154.15
 1 47   61.32    .06    .33    .69    .84    .21    .17  12.18 154.15
 1 48  109.54    .05    .28    .87    .64    .10    .14  12.18 154.15
 1 49  245.26    .06    .33    .95    .42    .44    .11  12.18 154.15
 1 51   33.77    .06    .14    .47    .51    .60    .17  12.18 154.15
 1 52   82.67    .05    .57    .65   -.65    .43    .14  12.18 154.15
 1 54   53.05    .04    .53    .69    .74    .25    .17  12.18 154.15
 1 56  336.87    .04    .44    .92    .88    .12    .16  12.18 154.15
 1 57  114.35    .06    .19    .19    .90    .09    .14  12.18 154.15
 1 59   51.68    .03    .09    .12    .79   1.00    .20  12.18 154.15
 1 60  231.48    .04    .77    .71    .92    .28    .14  12.18 154.15
 1 61  145.36    .06    .46    .91    .92    .08    .22  12.18 154.15
 1 62   66.82    .03    .42    .55    .84    .62    .23  12.18 154.15
 1 63  104.03    .05    .34    .89    .27    .74    .31  12.18 154.15
 1 64   96.44    .06    .53    .67   -.09    .92    .12  12.18 154.15
 2  1  130.89    .33    .74    .82    .94    .27    .24  34.45 107.27
 2  2   53.74    .45    .00    .08    .77    .23    .29  34.45 107.27
 2  3   84.75    .29    .72    .80    .92    .19    .18  34.45 107.27
 2  4  122.63    .09    .42    .35    .67    .62    .17  34.45 107.27
 2  5   31.01    .10    .11    .20   -.20    .63    .18  34.45 107.27
 2  6  152.94    .44    .54    .92    .55    .09    .32  34.45 107.27
 2  7   62.00    .43    .53    .60    .60    .22    .37  34.45 107.27
 2 10   80.60    .45    .20    .23    .23    .77    .18  34.45 107.27
 2 14  157.77    .09    .22    .21   -.93    .80    .27  34.45 107.27
 2 16   35.14    .39    .33    .41    .41    .73    .10  34.45 107.27
 2 17   95.07    .43    .06    .86   -.03    .14    .33  34.45 107.27
 2 18   65.45    .45    .05    .05   -.05    .99    .17  34.45 107.27
 2 20   79.93    .45    .07    .10    .84    .89    .32  34.45 107.27
 2 21  146.73    .42    .67    .82    .90    .14    .21  34.45 107.27
 2 23  164.65    .12    .14    .10    .93    .83    .21  34.45 107.27
 2 24   49.61    .32    .33    .61    .72    .37    .29  34.45 107.27
 2 25   81.30    .44    .27    .80    .83    .68    .13  34.45 107.27
 2 27  137.10    .44    .70    .85    .47    .09    .24  34.45 107.27
 2 28   67.50    .45    .63    .71   -.82    .30    .23  34.45 107.27
 2 29  214.94    .28    .09    .08   -.96    .93    .31  34.45 107.27
 2 33   21.36    .44    .16    .16    .16    .77    .28  34.45 107.27
 2 34   98.53    .38    .05    .82   -.90    .09    .23  34.45 107.27
 2 36   30.31    .31    .14    .36    .36    .43    .11  34.45 107.27
 2 41   87.49    .45    .75    .78    .78    .19    .15  34.45 107.27
 2 42   56.50    .45    .46    .71    .71    .30    .24  34.45 107.27
 2 43   59.93    .28    .24    .29   -.82    .74    .14  34.45 107.27
 2 44   82.68    .36    .07    .72   -.18    .15    .31  34.45 107.27
 2 45   49.61    .45    .47    .69   -.72    .35    .29  34.45 107.27
 3  1  101.96    .48    .34    .30   -.68    .76    .10  28.80  91.83
 3  2   46.16    .48    .19    .67   -.13    .39    .23  28.80  91.83
 3  4  132.95    .48    .71    .89   -.88    .13    .16  28.80  91.83
 3  5   46.85    .10    .21    .56    .56    .85    .17  28.80  91.83
 3  7   72.32    .48    .03    .03    .03    .75    .17  28.80  91.83
 3  8  117.11    .44    .06    .04   -.93    .86    .14  28.80  91.83
 3  9  128.15    .48    .23    .30   -.05    .66    .26  28.80  91.83
 3 19   43.40    .22    .30    .56    .62    .34    .14  28.80  91.83
 3 21   52.35    .28    .50    .63   -.68    .42    .11  28.80  91.83
 3 22   45.46    .19    .21    .67   -.15    .28    .20  28.80  91.83
 3 27   48.90    .32    .15    .63   -.18    .78    .17  28.80  91.83
 3 29   46.16    .23    .31    .67    .67    .26    .17  28.80  91.83
 3 31  137.79    .42    .61    .88   -.22    .09    .15  28.80  91.83
 3 32   72.34    .40    .47    .77   -.77    .18    .15  28.80  91.83
 3 33   97.14    .44    .69    .84   -.04    .12    .16  28.80  91.83
 3 35  140.53    .36    .02    .11   -.25    .89    .36  28.80  91.83
 3 36   81.30    .46    .39    .14   -.63    .89    .32  28.80  91.83
 3 40  100.59    .44    .04    .22   -.38    .58    .12  28.80  91.83
 3 41   66.13    .26    .02    .33   -.42    .69    .22  28.80  91.83
 3 42  108.85    .38    .05    .03   -.89    .98    .33  28.80  91.83
 3 49  114.37    .48    .52    .87   -.31    .12    .22  28.80  91.83
 3 50   65.45    .47    .41    .54   -.54    .66    .16  28.80  91.83
 3 53   96.44    .48    .40    .31   -.31    .71    .22  28.80  91.83
 3 54  100.57    .48    .66    .68   -.68    .29    .12  28.80  91.83
 3 55   73.02    .48    .55    .79    .30    .19    .22  28.80  91.83
 3 58   35.83    .27    .39    .50    .50    .42    .13  28.80  91.83
 3 59   44.79    .48    .17    .60   -.72    .36    .14  28.80  91.83
 3 61   51.66    .37    .49    .65   -.73    .28    .15  28.80  91.83
 3 63   44.77    .07    .26    .26    .26    .79    .12  28.80  91.83
 3 64   73.02    .48    .11    .81   -.57    .43    .14  28.80  91.83
 3 65   92.31    .48    .55    .48    .48    .15    .12  28.80  91.83
 3 67  129.52    .45    .29    .74   -.27    .27    .18  28.80  91.83
 3 68   33.75    .44    .10    .51    .51    .40    .18  28.80  91.83
 3 70   82.68    .44    .40    .40    .90    .53    .14  28.80  91.83
 3 71   51.68    .24    .17    .63    .71    .30    .34  28.80  91.83
 3 74   59.24    .34    .16    .74   -.02    .98    .18  28.80  91.83
 3 75   49.61    .26    .42    .50   -.50    .38    .10  28.80  91.83
 3 76   58.56    .33    .25    .72    .44    .23    .17  28.80  91.83
 3 83   79.93    .47    .67    .79    .29    .20    .13  28.80  91.83
 3 85   48.22    .45    .20    .26    .26    .73    .23  28.80  91.83
 3 87   82.67    .08    .10    .08   -.85    .86    .18  28.80  91.83
 3 88   33.77    .27    .31    .47   -.67    .51    .17  28.80  91.83
 3 89  104.03    .42    .05    .09   -.85    .91    .31  28.80  91.83
 3 90  112.28    .39    .41    .51   -.58    .39    .11  28.80  91.83
 4  1   85.42    .35    .16    .82   -.87    .13    .24  22.88  90.32
 4  2   37.20    .42    .33    .52   -.67    .40    .14  22.88  90.32
 4  4   62.00    .66    .38    .47   -.80    .55    .29  22.88  90.32
 4  5   34.44    .56    .28    .40    .40    .63    .10  22.88  90.32
 4  7   62.00    .22    .36    .33   -.91    .74    .15  22.88  90.32
 4  9   41.35    .63    .10    .40   -.63    .28    .18  22.88  90.32
 4 12   48.92    .23    .15    .24   -.86    .54    .12  22.88  90.32
 4 16   46.16    .50    .28    .64   -.61    .27    .13  22.88  90.32
 4 17   57.17    .43    .06    .64   -.28    .46    .17  22.88  90.32
 4 19   54.42    .52    .21    .42   -.77    .22    .33  22.88  90.32
 4 20   37.20    .65    .04    .26    .26    .91    .15  22.88  90.32
 4 21  114.35    .11    .20    .24   -.95    .78    .12  22.88  90.32
 4 24   82.67    .22    .50    .55   -.87    .41    .10  22.88  90.32
 4 27   90.25    .56    .47    .69   -.59    .31    .30  22.88  90.32
 4 32   29.62    .30    .21    .40    .40    .49    .13  22.88  90.32
 4 33   45.46    .54    .09    .58   -.67    .21    .13  22.88  90.32
 4 35   80.60    .09    .27    .42   -.74    .58    .23  22.88  90.32
 4 40  108.16    .12    .07    .04   -.91    .97    .18  22.88  90.32
 4 42   50.29    .39    .26    .51   -.67    .78    .22  22.88  90.32
 4 44   84.75    .06    .50    .59    .59    .44    .19  22.88  90.32
 4 51   51.68    .40    .01    .12   -.73    .25    .17  22.88  90.32
 4 55   30.31    .36    .18    .36    .36    .70    .12  22.88  90.32
 4 60   59.26    .33    .26    .26   -.72    .79    .28  22.88  90.32
 4 61   29.62    .64    .12    .30    .30    .65    .14  22.88  90.32
 4 62   51.68    .63    .31    .20   -.73    .22    .28  22.88  90.32
 4 63   40.66    .59    .15    .49   -.49    .31    .13  22.88  90.32
 4 66   45.46    .19    .39    .42   -.42    .86    .14  22.88  90.32
 4 71   43.42    .62    .46    .59    .78    .30    .10  22.88  90.32
 4 73   75.78    .61    .11    .33    .89    .71    .18  22.88  90.32
 4 75   55.13    .36    .42    .52    .80    .48    .23  22.88  90.32
 4 76   45.46    .51    .18    .15    .79    .28    .14  22.88  90.32
 4 77   50.31    .59    .01    .67    .18    .26    .21  22.88  90.32
 4 80   53.74    .30    .41    .69    .18    .26    .22  22.88  90.32
 4 82   20.67    .11    .00    .00    .00    .89    .18  22.88  90.32
 4 84   82.67    .53    .27    .78   -.48    .18    .21  22.88  90.32
 4 85   46.16    .57    .10    .13   -.76    .87    .12  22.88  90.32
 4 87   33.07    .38    .12    .46   -.54    .52    .18  22.88  90.32
 4 89   70.28    .66    .20    .22   -.82    .81    .22  22.88  90.32
 4 91   39.27    .48    .02    .19   -.19    .93    .21  22.88  90.32
 1  1  165.33    .36    .38    .34    .60    .65    .21  23.94 145.76
 1  3  115.74    .33    .54    .50    .92    .53    .17  23.94 145.76
 1  6  239.04    .33    .84    .82   -.82    .19    .15  23.94 145.76
 1  7  111.59    .20    .73    .83    .78    .21    .11  23.94 145.76
 1  8   99.22    .35    .26    .86    .37    .14    .34  23.94 145.76
 1 10  210.12    .30    .23    .27    .26    .70    .13  23.94 145.76
 1 12  225.98    .32    .69    .92    .94    .08    .20  23.94 145.76
 1 14   42.72    .35    .06    .58    .48    .50    .24  23.94 145.76
 1 16   62.00    .24    .60    .71    .80    .35    .19  23.94 145.76
 1 18  104.70    .22    .79    .82   -.82    .15    .24  23.94 145.76
 1 20   75.10    .17    .03    .78    .08    .22    .29  23.94 145.76
 1 21  235.61    .32    .72    .82    .53    .18    .22  23.94 145.76
 1 22  236.98    .36    .18    .12   -.89    .93    .16  23.94 145.76
 1 25   99.20    .34    .26    .88   -.85    .13    .30  23.94 145.76
 1 27  123.32    .35    .16    .91   -.12    .87    .31  23.94 145.76
 1 28   47.53    .24    .30    .62   -.62    .30    .13  23.94 145.76
 1 31   73.71    .19    .27    .14   -.81    .88    .21  23.94 145.76
 1 32  128.13    .23    .57    .44   -.83    .56    .29  23.94 145.76
 1 34  130.19    .29    .45    .40   -.89    .60    .38  23.94 145.76
 1 37   90.94    .28    .39    .71   -.83    .23    .22  23.94 145.76
 1 38  267.31    .36    .21    .92   -.95    .11    .11  23.94 145.76
 1 39   22.04    .35    .06    .06    .06    .87    .15  23.94 145.76
 1 40  256.97    .32    .20    .17   -.96    .83    .16  23.94 145.76
 1 42  212.88    .11    .07    .07   -.94    .93    .32  23.94 145.76
 1 45   70.95    .29    .28    .67   -.81    .17    .21  23.94 145.76
 2  2  103.35    .45    .24    .52    .17    .49    .26   7.04 139.72
 2  4   87.51    .33    .17    .84   -.31    .16    .22   7.04 139.72
 2  5  114.37    .46    .39    .87   -.89    .09    .17   7.04 139.72
 2  6  113.67    .39    .14    .22   -.36    .72    .13   7.04 139.72
 2  8  137.79    .44    .24    .24   -.20    .78    .14   7.04 139.72
 2 10  104.70    .34    .04    .09   -.93    .82    .12   7.04 139.72
 2 11   86.81    .25    .37    .52   -.03    .49    .39   7.04 139.72
 2 16   73.71    .47    .59    .76   -.76    .18    .10   7.04 139.72
 2 18  120.56    .47    .25    .27    .86    .74    .35   7.04 139.72
 2 19   66.82    .45    .40    .48    .81    .50    .14   7.04 139.72
 2 20   95.77    .41    .08    .86    .83    .13    .30   7.04 139.72
 2 22  170.17    .25    .11    .05    .93    .94    .28   7.04 139.72
 2 23  192.19    .13    .38    .43    .94    .57    .31   7.04 139.72
 2 24   96.46    .48    .39    .37    .84    .68    .15   7.04 139.72
 2 25   93.01    .14    .20    .85    .82    .16    .28   7.04 139.72
 2 26  108.16    .47    .01    .16    .26    .74    .33   7.04 139.72
 2 28  166.72    .32    .26    .25    .94    .06    .14   7.04 139.72
 2 31  119.89    .47    .02    .20    .93    .76    .26   7.04 139.72
 2 32  118.48    .27    .48    .60    .85    .40    .20   7.04 139.72
 2 34   67.52    .43    .16    .71    .24    .29    .21   7.04 139.72
 2 35   53.74    .40    .59    .64   -.64    .41    .20   7.04 139.72
 2 36  161.90    .38    .53    .59    .93    .41    .33   7.04 139.72
 2 37   53.74    .33    .23    .69    .59    .26    .21   7.04 139.72
 2 38  106.09    .27    .34    .51    .81    .53    .12   7.04 139.72
 2 39   90.25    .47    .15    .86    .57    .14    .28   7.04 139.72
 2 40  137.10    .47    .51    .62    .22    .78    .18   7.04 139.72
 2 41  183.95    .37    .40    .27    .48    .73    .35   7.04 139.72
 2 42  137.10    .47    .34    .20    .88    .80    .19   7.04 139.72
 2 44  176.35    .33    .07    .05    .93    .94    .23   7.04 139.72
 2 45  150.18    .05    .56    .87    .95    .58    .24   7.04 139.72
 2 46   48.92    .46    .52    .61   -.61    .46    .10   7.04 139.72
 2 48   84.75    .46    .32    .32    .85    .14    .20   7.04 139.72
 2 50   90.94    .09    .23    .83    .14    .17    .27   7.04 139.72
 3  1   92.99    .57    .33    .81    .13    .89    .19  20.11 113.46
 3  2   44.09    .46    .41    .50    .50    .40    .10  20.11 113.46
 3  7   60.63    .56    .18    .52   -.66    .41    .17  20.11 113.46
 3  8  136.41    .58    .79    .86   -.28    .12    .21  20.11 113.46
 3  9  119.19    .53    .34    .35   -.92    .64    .28  20.11 113.46
 3 13   84.05    .23    .15    .15   -.89    .84    .29  20.11 113.46
 3 15   86.10    .49    .30    .46   -.94    .52    .25  20.11 113.46
 3 18  173.61    .20    .59    .59   -.92    .47    .10  20.11 113.46
 3 20   57.17    .31    .59    .66    .66    .30    .17  20.11 113.46
 3 23   74.41    .58    .44    .76   -.83    .67    .20  20.11 113.46
 3 24   52.37    .46    .42    .66   -.66    .27    .26  20.11 113.46
 3 25   65.45    .58    .58    .77   -.52    .25    .24  20.11 113.46
 3 26   88.16    .27    .03    .06   -.81    .94    .33  20.11 113.46
 3 29   99.88    .58    .77    .83    .83    .16    .23  20.11 113.46
 3 30   90.25    .54    .15    .83   -.22    .12    .12  20.11 113.46
 3 32   62.67    .58    .63    .67   -.67    .24    .15  20.11 113.46
 3 33   98.51    .44    .24    .30    .87    .66    .27  20.11 113.46
 3 34   44.09    .26    .25    .66    .53    .29    .20  20.11 113.46
 3 35   34.44    .29    .04    .32   -.32    .36    .23  20.11 113.46
 3 36   42.03    .44    .08    .48    .61    .42    .25  20.11 113.46
 3 37  110.24    .57    .76    .81   -.81    .21    .12  20.11 113.46
 3 40  139.16    .55    .25    .26    .59    .74    .22  20.11 113.46
 3 41   34.44    .31    .20    .44    .52    .63    .13  20.11 113.46
 3 42   32.38    .57    .06    .28   -.28    .48    .16  20.11 113.46
 3 44  215.64    .51    .85    .90    .67    .13    .11  20.11 113.46
 3 45  169.48    .58    .82    .90    .90    .10    .14  20.11 113.46
 3 47   77.15    .50    .30    .14    .71    .75    .10  20.11 113.46
 3 52   66.13    .57    .63    .73    .81    .21    .15  20.11 113.46
 3 53  182.56    .37    .85    .92    .21    .06    .19  20.11 113.46
 3 54   99.20    .23    .18    .12   -.39    .66    .14  20.11 113.46
 3 55  226.65    .43    .80    .90   -.67    .05    .12  20.11 113.46
 3 61   42.70    .56    .19    .64    .26    .38    .17  20.11 113.46
 3 62   48.92    .58    .30    .66    .01    .45    .12  20.11 113.46
 3 63   49.59    .58    .53    .58    .58    .27    .16  20.11 113.46
 3 64   87.49    .57    .62    .73   -.12    .37    .14  20.11 113.46
 3 66  172.93    .58    .30    .95    .45    .05    .31  20.11 113.46
 3 67  128.13    .15    .81    .87   -.94    .12    .26  20.11 113.46
 4  1   90.25    .50    .33    .24   -.86    .14    .23  28.33 102.14
 4  2   62.69    .41    .52    .69   -.80    .25    .12  28.33 102.14
 4  3   91.62    .03    .08    .08   -.88    .93    .22  28.33 102.14
 4  4   28.94    .40    .24    .38    .38    .47    .16  28.33 102.14
 4  5   42.03    .27    .25    .48   -.70    .54    .20  28.33 102.14
 4  6   68.89    .53    .24    .80   -.24    .18    .32  28.33 102.14
 4  8  101.96    .45    .78    .80   -.80    .16    .11  28.33 102.14
 4  9   73.71    .41    .08    .01    .83    .99    .36  28.33 102.14
 4 11   50.29    .14    .51    .64    .78    .37    .24  28.33 102.14
 4 12   38.57    .42    .32    .57    .68    .43    .31  28.33 102.14
 4 16   24.10    .41    .14    .20   -.20    .96    .12  28.33 102.14
 4 18   74.41    .56    .48    .70   -.70    .93    .11  28.33 102.14
 4 19   28.25    .49    .17    .37   -.37    .70    .14  28.33 102.14
 4 20   30.31    .36    .00    .32   -.32    .48    .19  28.33 102.14
 4 21   73.71    .42    .14    .01    .72    .99    .33  28.33 102.14
 4 22   61.30    .55    .39    .64    .08    .19    .17  28.33 102.14
 4 26  119.89    .34    .41    .51    .14    .49    .36  28.33 102.14
 4 30   66.15    .27    .10    .25   -.75    .75    .21  28.33 102.14
 4 31  105.40    .56    .24    .33   -.92    .58    .20  28.33 102.14
 4 33   50.98    .56    .05    .30   -.70    .75    .33  28.33 102.14
 4 34   64.06    .56    .16    .20   -.83    .77    .23  28.33 102.14
 4 35   40.66    .21    .32    .63   -.66    .37    .28  28.33 102.14
 4 38   43.40    .39    .11    .62   -.68    .31    .26  28.33 102.14
 4 39   45.46    .18    .30    .52   -.70    .55    .11  28.33 102.14
 4 41   37.20    .40    .07    .37   -.59    .31    .11  28.33 102.14
 4 42   29.62    .52    .02    .30    .30    .45    .20  28.33 102.14
 5  3   70.26    .30    .49    .78    .84    .18    .22  14.11  89.00
 5  4   73.04    .02    .68    .75   -.75    .31    .15  14.11  89.00
 5  7   35.83    .10    .38    .46   -.46    .57    .14  14.11  89.00
 5  8   31.70    .28    .13    .22   -.22    .38    .13  14.11  89.00
 5  9   47.55    .14    .25    .51    .65    .71    .21  14.11  89.00
 5 13   98.53    .29    .48    .82    .87    .13    .35  14.11  89.00
 5 16  222.52    .25    .75    .77    .60    .25    .13  14.11  89.00
 5 18   22.73    .28    .03    .03    .03    .83    .10  14.11  89.00
 5 19   37.90    .19    .42    .53    .53    .47    .24  14.11  89.00
 5 20   63.39    .28    .28    .59   -.76    .57    .11  14.11  89.00
 5 23   83.36    .29    .06    .06   -.85    .94    .35  14.11  89.00
 5 24   56.48    .28    .44    .71   -.85    .23    .18  14.11  89.00
 5 27   98.51    .29    .02    .02   -.90    .94    .24  14.11  89.00
 5 28   50.29    .30    .31    .67   -.01    .26    .17  14.11  89.00
 5 29   22.73    .10    .15    .15   -.15    .75    .18  14.11  89.00
 5 30   33.77    .26    .31    .43   -.43    .52    .22  14.11  89.00
 5 33   72.34    .29    .33    .30   -.87    .75    .10  14.11  89.00
 5 34   27.56    .21    .15    .25    .25    .44    .12  14.11  89.00
 5 38  110.22    .28    .46    .45   -.90    .10    .22  14.11  89.00
 5 39   49.61    .26    .31    .50   -.75    .30    .21  14.11  89.00
 5 42   60.61    .28    .14    .39   -.70    .64    .26  14.11  89.00
 5 43  101.29    .22    .50    .82   -.50    .07    .14  14.11  89.00
 5 44   44.77    .21    .17    .14    .63    .82    .23  14.11  89.00
 5 46   85.42    .29    .19    .26    .87    .77    .13  14.11  89.00
 5 47  112.30    .29    .40    .89    .28    .11    .34  14.11  89.00
 5 49   67.52    .24    .27    .33   -.82    .71    .25  14.11  89.00
 5 50   47.55    .24    .42    .62   -.71    .32    .15  14.11  89.00
 5 57   69.58    .18    .11    .17   -.86    .72    .19  14.11  89.00
 5 60   33.07    .10    .04    .25    .25    .65    .21  14.11  89.00
 5 61   68.91    .28    .60    .70   -.82    .17    .11  14.11  89.00
 1  1   89.58    .36    .09    .74    .85    .14    .33  34.02 165.95
 1  4  178.46    .42    .27    .29    .95    .73    .11  34.02 165.95
 1  5  416.16    .51    .81    .97    .82    .03    .33  34.02 165.95
 1  8  139.87    .51    .52    .57   -.91    .46    .15  34.02 165.95
 1  9  299.03    .42    .65    .71   -.97    .29    .20  34.02 165.95
 1 10  307.30    .35    .87    .95   -.83    .18    .20  34.02 165.95
 1 11  163.29    .31    .59    .67    .72    .32    .41  34.02 165.95
 1 12  199.12    .42    .57    .56    .85    .45    .14  34.02 165.95
 1 13  119.20    .44    .76    .86    .88    .16    .16  34.02 165.95
 1 14  322.45    .38    .76    .74    .95    .27    .14  34.02 165.95
 1 15   75.11    .33    .21    .82    .82    .18    .24  34.02 165.95
 1 16  299.03    .50    .49    .19    .96    .81    .18  34.02 165.95
 1 17   62.71    .08    .19    .30    .78    .74    .23  34.02 165.95
 1 19  343.12    .46    .73    .96   -.97    .03    .21  34.02 165.95
 1 20  106.10    .45    .29    .32   -.84    .70    .14  34.02 165.95
 1 21  295.59    .42    .85    .91   -.96    .09    .38  34.02 165.95
 1 22  115.07    .51    .69    .82   -.21    .22    .11  34.02 165.95
 1 24  110.92    .49    .27    .34   -.89    .65    .18  34.02 165.95
 1 25  124.03    .50    .42    .46   -.91    .09    .14  34.02 165.95
 1 26  352.78    .50    .89    .91   -.98    .11    .18  34.02 165.95
 1 27  223.24    .49    .56    .62   -.95    .38    .22  34.02 165.95
 1 28  146.06    .51    .64    .86    .00    .08    .19  34.02 165.95
 1 30  329.34    .49    .74    .76   -.97    .03    .11  34.02 165.95
 1 31   19.99    .08    .03    .03    .03    .95    .19  34.02 165.95
 1 32  106.80    .47    .51    .87   -.42    .14    .27  34.02 165.95
 1 33  341.05    .51    .13    .97    .82    .03    .27  34.02 165.95
 1 36  141.93    .49    .13    .91    .83    .09    .33  34.02 165.95
 1 43  158.49    .51    .20    .21    .84    .79    .26  34.02 165.95
 1 44   62.01    .17    .24    .27    .82    .16    .16  34.02 165.95
 1 46  222.54    .31    .88    .93    .68    .07    .24  34.02 165.95
 1 47  163.29    .47    .56    .92   -.62    .37    .12  34.02 165.95
 1 50  188.80    .43    .19    .18    .52    .82    .22  34.02 165.95
 1 53   90.95    .37    .45    .80    .67    .36    .29  34.02 165.95
 1 54  234.95    .36    .51    .95    .68    .05    .25  34.02 165.95
 1 55   48.22    .38    .14    .20   -.66    .31    .17  34.02 165.95
 1 56  168.81    .51    .03    .84   -.80    .16    .27  34.02 165.95
 1 57  174.33    .22    .04    .03   -.94    .97    .22  34.02 165.95
 1 58  143.30    .49    .81    .84    .84    .18    .27  34.02 165.95
 1 59  338.99    .23    .03    .00   -.18   1.00    .13  34.02 165.95
 1 60  103.36    .21    .59    .67   -.92    .41    .13  34.02 165.95
 2  2   46.15    .43    .19    .37    .79    .25    .26  28.15 102.35
 2  3   44.78    .70    .02    .29    .66    .31    .30  28.15 102.35
 2  4   28.94    .45    .19    .33   -.33    .51    .16  28.15 102.35
 2  5   75.09    .10    .32    .34    .82    .66    .28  28.15 102.35
 2  6  132.30    .30    .80    .86    .40    .11    .12  28.15 102.35
 2  7   39.98    .74    .28    .59   -.38    .60    .16  28.15 102.35
 2 10   62.71    .71    .23    .36   -.82    .76    .23  28.15 102.35
 2 12   44.11    .67    .03    .37   -.59    .57    .25  28.15 102.35
 2 14   49.61    .58    .06    .72   -.44    .35    .24  28.15 102.35
 2 16   50.30    .71    .40    .67   -.12    .32    .22  28.15 102.35
 2 17   75.79    .53    .53    .53    .53    .57    .10  28.15 102.35
 2 19   37.22    .71    .00    .33   -.56    .37    .25  28.15 102.35
 2 23   61.32    .03    .46    .75    .17    .25    .34  28.15 102.35
 2 24   58.56    .36    .60    .67    .67    .26    .11  28.15 102.35
 2 26   73.71    .63    .42    .68    .10    .93    .13  28.15 102.35
 2 27   36.51    .20    .25    .51   -.40    .41    .20  28.15 102.35
 2 28   36.51    .19    .32    .43    .43    .45    .19  28.15 102.35
 2 29   38.57    .68    .07    .46   -.57    .38    .13  28.15 102.35
 2 31   35.83    .66    .00    .50   -.58    .42    .27  28.15 102.35
 2 32   73.03    .72    .25    .32   -.77    .72    .13  28.15 102.35
 2 33   31.01    .72    .15    .33    .33    .60    .16  28.15 102.35
 2 34   46.85    .49    .50    .53    .53    .46    .17  28.15 102.35
 2 35   28.25    .47    .07    .07    .07    .78    .10  28.15 102.35
 2 37   55.80    .54    .31    .28    .28    .79    .12  28.15 102.35
 2 38   68.21    .72    .19    .19   -.66   1.00    .15  28.15 102.35
 2 41   76.48    .74    .10    .82   -.03    .97    .36  28.15 102.35
 2 45   47.54    .49    .16    .68    .01    .27    .27  28.15 102.35
 2 46   93.71    .67    .47    .82   -.19    .79    .13  28.15 102.35
 2 47   44.09    .16    .41    .66   -.69    .39    .17  28.15 102.35
 2 49  113.68    .36    .41    .47   -.92    .53    .37  28.15 102.35
 3  1   29.64    .24    .07    .26   -.26    .63    .18  14.15 100.43
 3  3   24.12    .29    .08    .08   -.08    .88    .13  14.15 100.43
 3  4   54.45    .07    .32    .49    .65    .50    .21  14.15 100.43
 3  5   64.08    .32    .68    .70   -.70    .32    .15  14.15 100.43
 3  6   96.45    .20    .26    .80    .33    .67    .24  14.15 100.43
 3  7   68.23    .24    .62    .64   -.64    .37    .34  14.15 100.43
 3  8   74.42    .24    .43    .48    .81    .55    .17  14.15 100.43
 3 12  105.43    .32    .50    .53   -.53    .47    .29  14.15 100.43
 3 13   21.36    .28    .10    .10   -.10   1.00    .24  14.15 100.43
 3 14  128.85    .20    .28    .36    .84    .64    .32  14.15 100.43
 3 16   70.97    .27    .40    .38   -.38    .67    .34  14.15 100.43
 3 17   49.61    .31    .31    .50    .72    .49    .21  14.15 100.43
 3 18  155.71    .32    .05    .22    .93    .07    .39  14.15 100.43
 3 19   63.38    .26    .26    .11    .80    .89    .38  14.15 100.43
 3 21   93.02    .22    .61    .76    .82    .18    .21  14.15 100.43
 3 24   35.83    .06    .04    .46    .58    .52    .27  14.15 100.43
 3 25   62.71    .29    .58    .78    .41    .22    .38  14.15 100.43
 3 27  144.00    .14    .33    .36    .94    .64    .21  14.15 100.43
 3 29   52.37    .18    .63    .68   -.68    .30    .21  14.15 100.43
 3 30   37.20    .13    .15    .59    .56    .41    .36  14.15 100.43
 3 31  102.67    .23    .40    .42   -.42    .59    .18  14.15 100.43
 3 32   70.29    .32    .51    .57    .86    .38    .11  14.15 100.43
 3 35   26.18    .15    .11    .11   -.11    .68    .26  14.15 100.43
 3 36   42.02    .32    .34    .34   -.34    .86    .13  14.15 100.43
 3 38   99.21    .28    .71    .79   -.79    .21    .29  14.15 100.43
 3 39   77.18    .29    .48    .45   -.45    .60    .27  14.15 100.43
 3 40   99.91    .32    .32    .82    .82    .17    .25  14.15 100.43
 3 41   62.01    .32    .42    .73    .13    .26    .23  14.15 100.43
 3 45  119.90    .09    .23    .24   -.93    .81    .12  14.15 100.43
 3 48   32.38    .30    .32    .36    .36    .64    .21  14.15 100.43
 3 49   26.18    .26    .16    .26    .26    .61    .33  14.15 100.43
 3 50   86.81    .32    .22    .83   -.44    .55    .23  14.15 100.43
 4  1   62.71    .24    .49    .74    .19    .24    .30  32.53  97.02
 4  2   95.78    .53    .01    .06   -.86    .13    .21  32.53  97.02
 4  3   81.98    .43    .34    .23   -.85    .81    .25  32.53  97.02
 4  8   64.08    .57    .31    .20   -.79    .74    .26  32.53  97.02
 4  9   59.25    .58    .54    .67   -.72    .35    .13  32.53  97.02
 4 11  110.23    .58    .03    .11   -.89    .99    .16  32.53  97.02
 4 12   58.56    .31    .48    .69   -.79    .26    .15  32.53  97.02
 4 14   24.10    .25    .03    .03    .03    .79    .16  32.53  97.02
 4 15   83.35    .22    .24    .22   -.88    .79    .18  32.53  97.02
 4 19   70.29    .45    .29    .31   -.84    .66    .28  32.53  97.02
 4 21   58.56    .59    .29    .13   -.74    .88    .25  32.53  97.02
 4 27   83.37    .51    .19    .14   -.79    .87    .32  32.53  97.02
 4 29   73.72    .57    .48    .55   -.81    .45    .38  32.53  97.02
 4 31   22.05    .52    .00    .00    .00    .99    .16  32.53  97.02
 4 32   93.02    .57    .36    .87   -.87    .13    .40  32.53  97.02
 4 33   97.84    .31    .34    .44   -.90    .56    .34  32.53  97.02
 4 34   65.45    .34    .60    .71   -.85    .32    .27  32.53  97.02
 4 35   23.42    .41    .06    .12    .12    .85    .16  32.53  97.02
 4 36   60.64    .47    .36    .50   -.80    .58    .19  32.53  97.02
 4 37   57.19    .38    .49    .61    .61    .28    .16  32.53  97.02
 4 39   53.75    .58    .38    .54   -.79    .68    .13  32.53  97.02
 4 40   50.98    .43    .38    .51   -.84    .27    .11  32.53  97.02
 4 41   29.62    .42    .02    .02    .02    .79    .15  32.53  97.02
 4 43   35.14    .56    .26    .49    .49    .40    .27  32.53  97.02
 1  1   26.93    .05    .04    .04   -.04    .82    .12   4.69  98.05
 1  2  131.65    .05    .02    .79    .11    .47    .37   4.69  98.05
 1  3  161.54    .05    .72    .80    .20    .11    .26   4.69  98.05
 1  4  105.71    .03    .30    .17    .83    .84    .51   4.69  98.05
 1  5  212.39    .05    .10    .13    .92    .87    .36   4.69  98.05
 1  6  100.71    .04    .66    .78   -.78    .28    .14   4.69  98.05
 1  7  105.68    .02    .30    .83    .79    .17    .39   4.69  98.05
 1  8   48.86    .00    .18    .51    .55    .43    .39   4.69  98.05
 1  9  245.29    .04    .76    .86    .44    .18    .22   4.69  98.05
 1 10   31.91    .04    .06    .00    .00    .57    .23   4.69  98.05
 1 11   83.76    .05    .69    .74    .74    .26    .40   4.69  98.05
 1 12  145.58    .05    .78    .82    .82    .16    .10   4.69  98.05
 1 13   87.77    .05    .32    .25   -.89    .63    .28   4.69  98.05
 1 14  112.68    .04    .26    .24   -.89    .66    .19   4.69  98.05
 1 15  246.29    .05    .55    .59   -.55    .41    .26   4.69  98.05
 1 16   24.94    .05    .04    .04    .04    .76    .12   4.69  98.05
 1 17  131.62    .04    .14    .80   -.33    .30    .29   4.69  98.05
 1 18   69.79    .05    .57    .60    .60    .36    .24   4.69  98.05
 1 19   73.80    .04    .22    .11   -.76    .91    .38   4.69  98.05
 1 20   38.91    .03    .02    .13    .13    .49    .45   4.69  98.05
 1 21  239.32    .05    .02    .46   -.02    .54    .45   4.69  98.05
 1 22  115.70    .05    .33    .53    .90    .46    .40   4.69  98.05
 1 23  239.29    .05    .45    .93    .43    .58    .31   4.69  98.05
 1 24  139.58    .05    .77    .84   -.84    .12    .18   4.69  98.05
 1 25   28.92    .05    .10    .17    .17    .65    .16   4.69  98.05
 1 26   54.83    .02    .02    .24    .24    .96    .40   4.69  98.05
 1 27  137.62    .05    .14    .01   -.78    .99    .36   4.69  98.05
 1 28  116.69    .05    .23    .85   -.11    .15    .33   4.69  98.05
 1 29  119.68    .04    .72    .80    .45    .15    .36   4.69  98.05
 1 31   30.91    .04    .10    .16   -.16    .80    .32   4.69  98.05
 1 32  169.53    .05    .81    .86    .93    .12    .24   4.69  98.05
 1 33   70.82    .05    .04    .75    .47    .25    .41   4.69  98.05
 1 34   91.72    .05    .15    .78    .80    .22    .31   4.69  98.05
 1 35  252.26    .05    .21    .40    .14    .60    .36   4.69  98.05
 1 36  214.38    .05    .63    .85   -.94    .13    .17   4.69  98.05
 1 37  159.55    .04    .39    .89   -.90    .11    .36   4.69  98.05
 2  1   45.87    .30    .43    .52    .52    .42    .28  22.03  82.89
 2  2  164.56    .36    .31    .30   -.90    .73    .29  22.03  82.89
 2  5   75.79    .35    .05    .08   -.79    .93    .41  22.03  82.89
 2  7   48.86    .35    .06    .35   -.18    .92    .29  22.03  82.89
 2  8   51.88    .36    .19    .50   -.65    .33    .37  22.03  82.89
 2  9   47.86    .23    .42    .50    .50    .42    .23  22.03  82.89
 2 10   87.74    .34    .45    .66   -.80    .31    .34  22.03  82.89
 2 11   62.79    .31    .17    .56   -.59    .25    .32  22.03  82.89
 2 12   33.90    .35    .06    .06    .06    .57    .31  22.03  82.89
 2 13   59.84    .34    .13    .40   -.70    .36    .43  22.03  82.89
 2 14   38.88    .31    .03    .03    .03    .57    .38  22.03  82.89
 2 15   27.90    .35    .00    .00    .00    .91    .30  22.03  82.89
 2 16   23.92    .36    .00    .08    .08    .81    .13  22.03  82.89
 2 17   64.81    .36    .42    .60   -.79    .58    .28  22.03  82.89
 2 18   55.83    .28    .43    .43    .43    .35    .27  22.03  82.89
 2 19   40.87    .36    .17    .37    .37    .45    .20  22.03  82.89
 2 21   49.86    .32    .40    .52    .52    .55    .13  22.03  82.89
 2 22   23.92    .07    .00    .00    .00    .78    .20  22.03  82.89
 2 23   55.83    .36    .39    .61   -.71    .21    .10  22.03  82.89
 2 24   56.82    .36    .33    .61   -.65    .49    .20  22.03  82.89
 2 25   31.91    .17    .06    .06    .06    .69    .25  22.03  82.89
 2 26   40.87    .29    .17    .22    .22    .52    .20  22.03  82.89
 2 27   29.92    .14    .07    .07    .07    .69    .23  22.03  82.89
 2 28   76.76    .17    .48    .53    .53    .27    .46  22.03  82.89
 2 29   50.85    .36    .14    .10    .10    .93    .17  22.03  82.89
 2 31   44.88    .35    .20    .51   -.51    .32    .19  22.03  82.89
 2 32   21.93    .09    .00    .00    .00    .95    .30  22.03  82.89
 2 33   23.95    .33    .00    .00    .00    .77    .18  22.03  82.89
 2 34   58.84    .33    .19    .49   -.69    .25    .20  22.03  82.89
 2 35   58.84    .35    .36    .59   -.66    .51    .24  22.03  82.89
 2 36   23.95    .33    .00    .08    .08    .96    .18  22.03  82.89
 2 38   45.84    .36    .22    .39    .39    .62    .25  22.03  82.89
 2 40   29.92    .24    .00    .00    .00    .64    .13  22.03  82.89
 2 42   63.82    .30    .41    .44    .44    .58    .33  22.03  82.89
 2 43   36.89    .35    .19    .35    .35    .48    .20  22.03  82.89
 2 44   40.90    .03    .12    .37    .37    .38    .13  22.03  82.89
 2 45   73.80    .36    .46    .73   -.54    .32    .23  22.03  82.89
 2 47   51.85    .23    .31    .58   -.62    .33    .28  22.03  82.89
 2 48   52.84    .33    .36    .51   -.62    .44    .29  22.03  82.89
 2 49   26.90    .30    .04    .04    .04    .98    .33  22.03  82.89
 2 50   26.93    .33    .11    .18    .18    .89    .38  22.03  82.89
 3  1  138.59    .33    .47    .90    .29    .10    .39  12.09  79.25
 3  2   51.85    .29    .38    .50    .50    .67    .13  12.09  79.25
 3  3   59.84    .31    .60    .63    .63    .34    .29  12.09  79.25
 3  4   75.79    .28    .53    .68   -.18    .31    .42  12.09  79.25
 3  5   59.84    .18    .43    .60   -.70    .34    .29  12.09  79.25
 3  6   38.91    .23    .33    .38    .38    .66    .36  12.09  79.25
 3  7   84.75    .28    .29    .32   -.84    .60    .19  12.09  79.25
 3  8   21.96    .12    .00    .00    .00    .89    .44  12.09  79.25
 3  9   50.85    .33    .10    .14    .14    .95    .19  12.09  79.25
 3 10  118.65    .33    .66    .71    .71    .11    .21  12.09  79.25
 3 11   47.86    .30    .33    .46   -.67    .41    .44  12.09  79.25
 3 12   72.81    .08    .23    .62   -.75    .23    .43  12.09  79.25
 3 13   69.79    .18    .40    .69   -.77    .36    .35  12.09  79.25
 3 14   29.92    .33    .20    .27    .27    .69    .40  12.09  79.25
 3 15   59.84    .19    .40    .53   -.73    .28    .40  12.09  79.25
 3 16   25.94    .25    .00    .00    .00    .70    .17  12.09  79.25
 3 17  118.68    .33    .61    .71   -.01    .41    .11  12.09  79.25
 3 18   33.90    .32    .12    .06   -.06    .51    .20  12.09  79.25
 3 19   43.88    .16    .27    .27   -.27    .41    .37  12.09  79.25
 3 20   49.86    .21    .36    .48   -.48    .65    .15  12.09  79.25
 3 21   69.79    .30    .26    .71    .29    .92    .33  12.09  79.25
 3 22   58.81    .25    .39    .53   -.86    .63    .30  12.09  79.25
 3 23   45.87    .32    .26    .43   -.69    .53    .28  12.09  79.25
 3 24   50.85    .30    .22    .29    .29    .94    .19  12.09  79.25
 3 25   35.89    .32    .00    .06    .06    .47    .23  12.09  79.25
 3 26   69.82    .21    .11    .74   -.26    .23    .45  12.09  79.25
 4  1   35.89    .26    .11    .11   -.17    .75    .11  19.79  70.05
 4  2   46.87    .06    .19    .28    .28    .40    .20  19.79  70.05
 4  3   69.82    .27    .26    .69   -.71    .34    .35  19.79  70.05
 4  4   63.82    .12    .41    .50    .50    .75    .31  19.79  70.05
 4  5   52.87    .11    .36    .55   -.62    .53    .25  19.79  70.05
 4  6   33.90    .28    .12    .12    .12    .55    .31  19.79  70.05
 4  7   42.86    .22    .39    .44    .44    .48    .37  19.79  70.05
 4  8   31.91    .23    .06    .06    .06    .65    .12  19.79  70.05
 4  9   72.81    .06    .48    .59    .59    .54    .20  19.79  70.05
 4 10   79.77    .27    .02    .72   -.22    .19    .44  19.79  70.05
 4 11   45.87    .28    .22    .35    .35    .32    .11  19.79  70.05
 4 12   27.90    .18    .00    .00    .00    .67    .14  19.79  70.05
 4 13   28.92    .18    .03    .03    .03    .98    .20  19.79  70.05
 4 14   47.86    .28    .25    .33    .33    .55    .22  19.79  70.05
 4 15   73.77    .28    .35    .65   -.78    .47    .14  19.79  70.05
 4 16   44.88    .04    .29    .42    .42    .73    .16  19.79  70.05
 4 17   71.81    .28    .56    .69   -.83    .30    .38  19.79  70.05
 4 18   25.94    .27    .08    .15    .15    .73    .35  19.79  70.05
 4 19   43.85    .28    .05    .36    .36    .59    .49  19.79  70.05
 4 20   75.76    .27    .45    .68   -.76    .19    .14  19.79  70.05
 4 22   28.92    .26    .10    .03    .03    .81    .31  19.79  70.05
 4 23   65.81    .28    .39    .52    .52    .43    .11  19.79  70.05
 4 24   39.90    .18    .00    .10    .10    .74    .33  19.79  70.05
 4 25   96.72    .20    .11    .63   -.81    .53    .31  19.79  70.05
 4 26   24.94    .24    .04    .04    .04    .86    .15  19.79  70.05
 4 27   31.91    .23    .00    .00    .00    .57    .13  19.79  70.05
 4 28   72.81    .24    .29    .56   -.48    .20    .22  19.79  70.05
 4 30   48.86    .26    .39    .51    .51    .29    .15  19.79  70.05
 4 31   25.91    .27    .00    .00    .00    .93    .36  19.79  70.05
 1  1  185.45    .33    .09    .04   -.87    .07    .27  23.59 199.03
 1  2  266.20    .32    .00    .81   -.13    .19    .40  23.59 199.03
 1  5  155.53    .36    .14    .23    .24    .88    .12  23.59 199.03
 1  7  304.09    .31    .57    .55    .95    .47    .29  23.59 199.03
 1  8  187.44    .36    .57    .67   -.67    .24    .13  23.59 199.03
 1  9   90.73    .13    .52    .60    .82    .43    .18  23.59 199.03
 1 10  253.23    .33    .52    .50    .79    .22    .31  23.59 199.03
 1 11  184.45    .32    .62    .55    .90    .45    .30  23.59 199.03
 1 12  264.21    .34    .02    .05    .25    .75    .11  23.59 199.03
 1 13  294.10    .26    .34    .95    .36    .06    .40  23.59 199.03
 1 14  139.57    .21    .61    .81   -.23    .11    .16  23.59 199.03
 1 16  103.70    .16    .12    .15    .77    .78    .34  23.59 199.03
 1 17  271.18    .34    .11    .18    .93    .97    .26  23.59 199.03
 1 19   75.77    .14    .05    .05    .82    .92    .21  23.59 199.03
 1 20  196.40    .23    .28    .73    .36    .64    .22  23.59 199.03
 1 22  196.40    .26    .79    .88   -.88    .18    .13  23.59 199.03
 1 23  256.22    .36    .39    .41    .93    .03    .22  23.59 199.03
 1 24  260.20    .36    .28    .79    .94    .02    .11  23.59 199.03
 1 25  377.84    .35    .11    .92    .97    .04    .27  23.59 199.03
 1 26  165.51    .13    .11    .00    .55   1.00    .41  23.59 199.03
 1 28  131.61    .36    .38    .59    .06    .11    .20  23.59 199.03
 1 29  112.66    .15    .72    .73    .73    .33    .13  23.59 199.03
 1 30  389.81    .33    .01    .02   -.45    .97    .20  23.59 199.03
 1 31  210.34    .26    .62    .71   -.35    .24    .26  23.59 199.03
 1 32  177.46    .32    .02    .07   -.35    .98    .30  23.59 199.03
 1 33  258.21    .22    .82    .92   -.56    .10    .11  23.59 199.03
 1 34   65.79    .03    .49    .55   -.55    .40    .13  23.59 199.03
 1 35  234.29    .35    .34    .31    .91    .62    .29  23.59 199.03
 1 37  249.25    .35    .09    .26    .96    .04    .27  23.59 199.03
 1 38  149.55    .16    .23    .91    .27    .09    .39  23.59 199.03
