############################
#
#Z = 2  Snap 68
#Mass Criteria :  5e9 > mstar > 7e8   Mhalo > 5e9
#
#IDPrime      IDSecond   3D Rp 3D Vel    MdarkPrime  MdarkSecond    MstarPrime  MstarSecond
27830       27832       30      269     7.7e9       6.2e9       1.6e9           8e8
43455       43456       15      294     8.9e9       7.1e9       2.2e9           1.4e9
43895       43898       21      162     6.8e9       5.2e9       2.8e9            7e8
55128       55129       17      299     7.1e9       5.2e9       1.7e9           3.6e9
63260       63262       29      265     8.6e9       6.7e9       4.8e9           2.1e9  
85222       85224       50      142     5.0e11      5.3e9       3.7e9           1.1e9
173460     173462       45      165     4.9e11      9.1e9       4.5e9           1.1e9
188481     188484       45      217     3.6e11      6.8e9       3.5e9           7.1e8
194805     194806       47      121     3.9e11      1.0e10      4.6e9           7.9e8
203559     203560       34      55      3.3e11      9.3e9       2.5e9           1.5e9
203833     203834       43      171     3.3e11      9.4e9       2.6e9           7.3e8
210463     210464       42      134     3.2e11      7.6e9       2.8e9           9.9e8
211139     211140       48      109     3.3e11      9.2e9       2.2e9           9.2e8
247537     247538       46      59      2.3e11      5.3e9       2.1e9           9.4e8
